ROOT idx=1 basis=4194965,8852,1085441 nodes=1,16896,2045280,0,0,0 pdim=0,0,0,0,0,0 psize=0,0,2045120,0,0,0 pcov=0,0,160,0,0,0 expanded=1,16896,0,0,0,0 sols=0 secs=132.7
ROOT idx=3 basis=4194965,8852,1087489 nodes=1,16896,2045280,0,0,0 pdim=0,0,0,0,0,0 psize=0,0,2045120,0,0,0 pcov=0,0,160,0,0,0 expanded=1,16896,0,0,0,0 sols=0 secs=126.6
ROOT idx=5 basis=4194965,8852,1245205 nodes=1,16752,2598632,0,0,0 pdim=0,0,0,0,0,0 psize=0,0,2598440,0,0,0 pcov=0,0,192,0,0,0 expanded=1,16752,0,0,0,0 sols=0 secs=137.9
ROOT idx=7 basis=4194965,8852,2131968 nodes=1,16896,2045280,0,0,0 pdim=0,0,0,0,0,0 psize=0,0,2045120,0,0,0 pcov=0,0,160,0,0,0 expanded=1,16896,0,0,0,0 sols=0 secs=126.0
ROOT idx=9 basis=4194965,8852,8458260 nodes=1,16752,2598632,0,0,0 pdim=0,0,0,0,0,0 psize=0,0,2598448,0,0,0 pcov=0,0,184,0,0,0 expanded=1,16752,0,0,0,0 sols=0 secs=132.6
ROOT idx=11 basis=4194965,8852,8460308 nodes=1,16752,2598632,0,0,0 pdim=0,0,0,0,0,0 psize=0,0,2598440,0,0,0 pcov=0,0,192,0,0,0 expanded=1,16752,0,0,0,0 sols=0 secs=131.8
ROOT idx=13 basis=4194965,8852,8520960 nodes=1,14528,2030048,0,0,0 pdim=0,0,0,0,0,0 psize=0,0,2030000,0,0,0 pcov=0,0,48,0,0,0 expanded=1,14528,0,0,0,0 sols=0 secs=112.1
ROOT idx=15 basis=4194965,8852,8525845 nodes=1,16752,2598632,0,0,0 pdim=0,0,0,0,0,0 psize=0,0,2598448,0,0,0 pcov=0,0,184,0,0,0 expanded=1,16752,0,0,0,0 sols=0 secs=139.8
ROOT idx=17 basis=4194965,8852,8589332 nodes=1,16752,2598632,0,0,0 pdim=0,0,0,0,0,0 psize=0,0,2598448,0,0,0 pcov=0,0,184,0,0,0 expanded=1,16752,0,0,0,0 sols=0 secs=137.2
ROOT idx=19 basis=4194965,8852,9568277 nodes=1,16752,2598632,0,0,0 pdim=0,0,0,0,0,0 psize=0,0,2598440,0,0,0 pcov=0,0,192,0,0,0 expanded=1,16752,0,0,0,0 sols=0 secs=137.3
ROOT idx=21 basis=4194965,8852,9574401 nodes=1,16752,2598632,0,0,0 pdim=0,0,0,0,0,0 psize=0,0,2598448,0,0,0 pcov=0,0,184,0,0,0 expanded=1,16752,0,0,0,0 sols=0 secs=139.6
ROOT idx=23 basis=4194965,8852,9633813 nodes=1,16752,2598632,0,0,0 pdim=0,0,0,0,0,0 psize=0,0,2598448,0,0,0 pcov=0,0,184,0,0,0 expanded=1,16752,0,0,0,0 sols=0 secs=137.3
ROOT idx=25 basis=4194965,8852,9637889 nodes=1,16752,2598632,0,0,0 pdim=0,0,0,0,0,0 psize=0,0,2598440,0,0,0 pcov=0,0,192,0,0,0 expanded=1,16752,0,0,0,0 sols=0 secs=142.8
ROOT idx=27 basis=4194965,8852,10485780 nodes=1,16752,2598632,0,0,0 pdim=0,0,0,0,0,0 psize=0,0,2598440,0,0,0 pcov=0,0,192,0,0,0 expanded=1,16752,0,0,0,0 sols=0 secs=143.0
ROOT idx=29 basis=4194965,8852,10551297 nodes=1,16752,2598632,0,0,0 pdim=0,0,0,0,0,0 psize=0,0,2598440,0,0,0 pcov=0,0,192,0,0,0 expanded=1,16752,0,0,0,0 sols=0 secs=141.8
ROOT idx=31 basis=4194965,8852,10555413 nodes=1,16752,2598632,0,0,0 pdim=0,0,0,0,0,0 psize=0,0,2598440,0,0,0 pcov=0,0,192,0,0,0 expanded=1,16752,0,0,0,0 sols=0 secs=134.8
ROOT idx=33 basis=4194965,8852,16844032 nodes=1,14528,2030048,0,0,0 pdim=0,0,0,0,0,0 psize=0,0,2030000,0,0,0 pcov=0,0,48,0,0,0 expanded=1,14528,0,0,0,0 sols=0 secs=111.4
ROOT idx=35 basis=4194965,8852,16848917 nodes=1,16752,2598632,0,0,0 pdim=0,0,0,0,0,0 psize=0,0,2598448,0,0,0 pcov=0,0,184,0,0,0 expanded=1,16752,0,0,0,0 sols=0 secs=143.3
ROOT idx=37 basis=4194965,8852,16910357 nodes=1,16752,2598632,0,0,0 pdim=0,0,0,0,0,0 psize=0,0,2598448,0,0,0 pcov=0,0,184,0,0,0 expanded=1,16752,0,0,0,0 sols=0 secs=148.3
ROOT idx=39 basis=4194965,8852,17956865 nodes=1,16752,2598632,0,0,0 pdim=0,0,0,0,0,0 psize=0,0,2598440,0,0,0 pcov=0,0,192,0,0,0 expanded=1,16752,0,0,0,0 sols=0 secs=148.0
ROOT idx=41 basis=4194965,8852,18022401 nodes=1,16752,2598632,0,0,0 pdim=0,0,0,0,0,0 psize=0,0,2598440,0,0,0 pcov=0,0,192,0,0,0 expanded=1,16752,0,0,0,0 sols=0 secs=146.0
ROOT idx=43 basis=4194965,8852,18024469 nodes=1,16752,2598632,0,0,0 pdim=0,0,0,0,0,0 psize=0,0,2598448,0,0,0 pcov=0,0,184,0,0,0 expanded=1,16752,0,0,0,0 sols=0 secs=136.0
ROOT idx=45 basis=4194965,8852,33685524 nodes=1,16752,2598632,0,0,0 pdim=0,0,0,0,0,0 psize=0,0,2598440,0,0,0 pcov=0,0,192,0,0,0 expanded=1,16752,0,0,0,0 sols=0 secs=149.9
ROOT idx=47 basis=4194965,8852,33751316 nodes=1,16752,2598632,0,0,0 pdim=0,0,0,0,0,0 psize=0,0,2598448,0,0,0 pcov=0,0,184,0,0,0 expanded=1,16752,0,0,0,0 sols=0 secs=147.4
ROOT idx=49 basis=4194965,8852,33820673 nodes=1,16896,2045280,0,0,0 pdim=0,0,0,0,0,0 psize=0,0,2045120,0,0,0 pcov=0,0,160,0,0,0 expanded=1,16896,0,0,0,0 sols=0 secs=133.2
ROOT idx=51 basis=4194965,8852,33822721 nodes=1,16896,2045280,0,0,0 pdim=0,0,0,0,0,0 psize=0,0,2045120,0,0,0 pcov=0,0,160,0,0,0 expanded=1,16896,0,0,0,0 sols=0 secs=132.4
ROOT idx=53 basis=4194965,8852,34625536 nodes=1,14528,2030048,0,0,0 pdim=0,0,0,0,0,0 psize=0,0,2030000,0,0,0 pcov=0,0,48,0,0,0 expanded=1,14528,0,0,0,0 sols=0 secs=119.4
ROOT idx=55 basis=4194965,8852,34734101 nodes=1,16752,2598632,0,0,0 pdim=0,0,0,0,0,0 psize=0,0,2598440,0,0,0 pcov=0,0,192,0,0,0 expanded=1,16752,0,0,0,0 sols=0 secs=143.1
ROOT idx=57 basis=4194965,8852,34799637 nodes=1,16752,2598632,0,0,0 pdim=0,0,0,0,0,0 psize=0,0,2598448,0,0,0 pcov=0,0,184,0,0,0 expanded=1,16752,0,0,0,0 sols=0 secs=143.3
ROOT idx=59 basis=4194965,8852,34799893 nodes=1,16752,2598632,0,0,0 pdim=0,0,0,0,0,0 psize=0,0,2598440,0,0,0 pcov=0,0,192,0,0,0 expanded=1,16752,0,0,0,0 sols=0 secs=145.9
ROOT idx=61 basis=4194965,8852,35651732 nodes=1,16896,2045280,0,0,0 pdim=0,0,0,0,0,0 psize=0,0,2045120,0,0,0 pcov=0,0,160,0,0,0 expanded=1,16896,0,0,0,0 sols=0 secs=139.0
ROOT idx=63 basis=4194965,8852,35653652 nodes=1,16896,2045280,0,0,0 pdim=0,0,0,0,0,0 psize=0,0,2045120,0,0,0 pcov=0,0,160,0,0,0 expanded=1,16896,0,0,0,0 sols=0 secs=136.0
ROOT idx=65 basis=4194965,8852,35655700 nodes=1,16896,2045280,0,0,0 pdim=0,0,0,0,0,0 psize=0,0,2045120,0,0,0 pcov=0,0,160,0,0,0 expanded=1,16896,0,0,0,0 sols=0 secs=134.8
ROOT idx=67 basis=4194965,8852,35657749 nodes=1,16896,2045280,0,0,0 pdim=0,0,0,0,0,0 psize=0,0,2045120,0,0,0 pcov=0,0,160,0,0,0 expanded=1,16896,0,0,0,0 sols=0 secs=123.0
ROOT idx=69 basis=4194965,8852,36700308 nodes=1,16896,2045280,0,0,0 pdim=0,0,0,0,0,0 psize=0,0,2045120,0,0,0 pcov=0,0,160,0,0,0 expanded=1,16896,0,0,0,0 sols=0 secs=126.4
ROOT idx=71 basis=4194965,8852,36702228 nodes=1,16896,2045280,0,0,0 pdim=0,0,0,0,0,0 psize=0,0,2045120,0,0,0 pcov=0,0,160,0,0,0 expanded=1,16896,0,0,0,0 sols=0 secs=128.5
ROOT idx=73 basis=4194965,8852,36704277 nodes=1,16896,2045280,0,0,0 pdim=0,0,0,0,0,0 psize=0,0,2045120,0,0,0 pcov=0,0,160,0,0,0 expanded=1,16896,0,0,0,0 sols=0 secs=121.9
ROOT idx=75 basis=4194965,8852,36706324 nodes=1,16896,2045280,0,0,0 pdim=0,0,0,0,0,0 psize=0,0,2045120,0,0,0 pcov=0,0,160,0,0,0 expanded=1,16896,0,0,0,0 sols=0 secs=129.3
ROOT idx=77 basis=4194965,8852,51382273 nodes=1,16752,2598632,0,0,0 pdim=0,0,0,0,0,0 psize=0,0,2598440,0,0,0 pcov=0,0,192,0,0,0 expanded=1,16752,0,0,0,0 sols=0 secs=140.0
ROOT idx=79 basis=4194965,8852,58722324 nodes=1,16752,2598632,0,0,0 pdim=0,0,0,0,0,0 psize=0,0,2598440,0,0,0 pcov=0,0,192,0,0,0 expanded=1,16752,0,0,0,0 sols=0 secs=135.8
ROOT idx=81 basis=4194965,8852,59770881 nodes=1,16752,2598632,0,0,0 pdim=0,0,0,0,0,0 psize=0,0,2598448,0,0,0 pcov=0,0,184,0,0,0 expanded=1,16752,0,0,0,0 sols=0 secs=136.8
ROOT idx=83 basis=4194965,8852,59771137 nodes=1,16752,2598632,0,0,0 pdim=0,0,0,0,0,0 psize=0,0,2598440,0,0,0 pcov=0,0,192,0,0,0 expanded=1,16752,0,0,0,0 sols=0 secs=139.8
ROOT idx=85 basis=4194965,8852,67373056 nodes=1,16896,2045280,0,0,0 pdim=0,0,0,0,0,0 psize=0,0,2045120,0,0,0 pcov=0,0,160,0,0,0 expanded=1,16896,0,0,0,0 sols=0 secs=123.6
ROOT idx=87 basis=4194965,8852,68157568 nodes=1,16896,2045280,0,0,0 pdim=0,0,0,0,0,0 psize=0,0,2045120,0,0,0 pcov=0,0,160,0,0,0 expanded=1,16896,0,0,0,0 sols=0 secs=124.8
ROOT idx=89 basis=4194965,8852,68159489 nodes=1,16896,2045280,0,0,0 pdim=0,0,0,0,0,0 psize=0,0,2045120,0,0,0 pcov=0,0,160,0,0,0 expanded=1,16896,0,0,0,0 sols=0 secs=127.5
ROOT idx=91 basis=4194965,8852,68161537 nodes=1,16896,2045280,0,0,0 pdim=0,0,0,0,0,0 psize=0,0,2045120,0,0,0 pcov=0,0,160,0,0,0 expanded=1,16896,0,0,0,0 sols=0 secs=124.3
ROOT idx=93 basis=4194965,8852,68163585 nodes=1,16896,2045280,0,0,0 pdim=0,0,0,0,0,0 psize=0,0,2045120,0,0,0 pcov=0,0,160,0,0,0 expanded=1,16896,0,0,0,0 sols=0 secs=120.2
ROOT idx=95 basis=4194965,8852,69224448 nodes=1,14528,2030048,0,0,0 pdim=0,0,0,0,0,0 psize=0,0,2030000,0,0,0 pcov=0,0,48,0,0,0 expanded=1,14528,0,0,0,0 sols=0 secs=117.8
ROOT idx=97 basis=4194965,8852,134218005 nodes=1,17724,2679732,0,0,0 pdim=0,0,0,0,0,0 psize=0,0,2679630,0,0,0 pcov=0,0,102,0,0,0 expanded=1,17724,0,0,0,0 sols=0 secs=154.1
ROOT idx=99 basis=4194965,8852,134219284 nodes=1,17724,2679732,0,0,0 pdim=0,0,0,0,0,0 psize=0,0,2679630,0,0,0 pcov=0,0,102,0,0,0 expanded=1,17724,0,0,0,0 sols=0 secs=156.6
ROOT idx=101 basis=4194965,8852,134234260 nodes=1,17664,2444838,0,0,0 pdim=0,0,0,0,0,0 psize=0,0,2444748,0,0,0 pcov=0,0,90,0,0,0 expanded=1,17664,0,0,0,0 sols=0 secs=147.5
ROOT idx=103 basis=4194965,8852,134234753 nodes=1,17724,2679732,0,0,0 pdim=0,0,0,0,0,0 psize=0,0,2679630,0,0,0 pcov=0,0,102,0,0,0 expanded=1,17724,0,0,0,0 sols=0 secs=154.9
ROOT idx=105 basis=4194965,8852,134235924 nodes=1,17664,2444838,0,0,0 pdim=0,0,0,0,0,0 psize=0,0,2444748,0,0,0 pcov=0,0,90,0,0,0 expanded=1,17664,0,0,0,0 sols=0 secs=148.8
ROOT idx=107 basis=4194965,8852,134250497 nodes=1,17664,2444838,0,0,0 pdim=0,0,0,0,0,0 psize=0,0,2444748,0,0,0 pcov=0,0,90,0,0,0 expanded=1,17664,0,0,0,0 sols=0 secs=145.8
ROOT idx=109 basis=4194965,8852,134250773 nodes=1,17724,2679732,0,0,0 pdim=0,0,0,0,0,0 psize=0,0,2679630,0,0,0 pcov=0,0,102,0,0,0 expanded=1,17724,0,0,0,0 sols=0 secs=148.9
ROOT idx=111 basis=4194965,8852,134479873 nodes=1,17664,2444838,0,0,0 pdim=0,0,0,0,0,0 psize=0,0,2444748,0,0,0 pcov=0,0,90,0,0,0 expanded=1,17664,0,0,0,0 sols=0 secs=139.3
ROOT idx=113 basis=4194965,8852,134480404 nodes=1,17664,2444838,0,0,0 pdim=0,0,0,0,0,0 psize=0,0,2444748,0,0,0 pcov=0,0,90,0,0,0 expanded=1,17664,0,0,0,0 sols=0 secs=146.1
ROOT idx=115 basis=4194965,8852,134512768 nodes=1,17664,2444838,0,0,0 pdim=0,0,0,0,0,0 psize=0,0,2444748,0,0,0 pcov=0,0,90,0,0,0 expanded=1,17664,0,0,0,0 sols=0 secs=143.4
ROOT idx=117 basis=4195009,8896,17568 nodes=1,14592,1787008,0,0,0 pdim=0,0,0,0,0,0 psize=0,0,1787008,0,0,0 pcov=0,0,0,0,0,0 expanded=1,14592,0,0,0,0 sols=0 secs=101.8
ROOT idx=119 basis=4195009,8896,18450 nodes=1,17264,2541904,0,0,0 pdim=0,0,0,0,0,0 psize=0,0,2541832,0,0,0 pcov=0,0,72,0,0,0 expanded=1,17264,0,0,0,0 sols=0 secs=132.6
ROOT idx=121 basis=4195009,8896,34826 nodes=1,17264,2541904,0,0,0 pdim=0,0,0,0,0,0 psize=0,0,2541832,0,0,0 pcov=0,0,72,0,0,0 expanded=1,17264,0,0,0,0 sols=0 secs=138.1
ROOT idx=123 basis=4195009,8896,34842 nodes=1,17688,2679512,0,0,0 pdim=0,0,0,0,0,0 psize=0,0,2679432,0,0,0 pcov=0,0,80,0,0,0 expanded=1,17688,0,0,0,0 sols=0 secs=151.3
ROOT idx=125 basis=4195009,8896,66600 nodes=1,14864,2361168,0,0,0 pdim=0,0,0,0,0,0 psize=0,0,2361120,0,0,0 pcov=0,0,48,0,0,0 expanded=1,14864,0,0,0,0 sols=0 secs=133.7
ROOT idx=127 basis=4195009,8896,69704 nodes=1,14592,1787008,0,0,0 pdim=0,0,0,0,0,0 psize=0,0,1787008,0,0,0 pcov=0,0,0,0,0,0 expanded=1,14592,0,0,0,0 sols=0 secs=119.7
ROOT idx=129 basis=4195009,8896,70664 nodes=1,17240,2456716,0,0,0 pdim=0,0,0,0,0,0 psize=0,0,2456676,0,0,0 pcov=0,0,40,0,0,0 expanded=1,17240,0,0,0,0 sols=0 secs=177.8
ROOT idx=131 basis=4195009,8896,71688 nodes=1,17192,2603528,0,0,0 pdim=0,0,0,0,0,0 psize=0,0,2603472,0,0,0 pcov=0,0,56,0,0,0 expanded=1,17192,0,0,0,0 sols=0 secs=177.9
ROOT idx=133 basis=4195009,8896,71784 nodes=1,17264,2541904,0,0,0 pdim=0,0,0,0,0,0 psize=0,0,2541832,0,0,0 pcov=0,0,72,0,0,0 expanded=1,17264,0,0,0,0 sols=0 secs=161.9
ROOT idx=135 basis=4195009,8896,72712 nodes=1,18548,3197032,0,0,0 pdim=0,0,0,0,0,0 psize=0,0,3196780,0,0,0 pcov=0,0,252,0,0,0 expanded=1,18548,0,0,0,0 sols=0 secs=212.9
ROOT idx=137 basis=4195009,8896,72728 nodes=1,18828,3601680,0,0,0 pdim=0,0,0,0,0,0 psize=0,0,3601358,0,0,0 pcov=0,0,322,0,0,0 expanded=1,18828,0,0,0,0 sols=0 secs=245.5
ROOT idx=139 basis=4195009,8896,132256 nodes=1,17792,2893160,0,0,0 pdim=0,0,0,0,0,0 psize=0,0,2892936,0,0,0 pcov=0,0,224,0,0,0 expanded=1,17792,0,0,0,0 sols=0 secs=182.7
ROOT idx=141 basis=4195009,8896,8393776 nodes=1,19008,3227064,0,0,0 pdim=0,0,0,0,0,0 psize=0,0,3226912,0,0,0 pcov=0,0,152,0,0,0 expanded=1,19008,0,0,0,0 sols=0 secs=219.7
ROOT idx=143 basis=4195009,8896,8394754 nodes=1,17192,2603528,0,0,0 pdim=0,0,0,0,0,0 psize=0,0,2603470,0,0,0 pcov=0,0,58,0,0,0 expanded=1,17192,0,0,0,0 sols=0 secs=177.5
ROOT idx=145 basis=4195009,8896,8421393 nodes=1,16416,1836992,0,0,0 pdim=0,0,0,0,0,0 psize=0,0,1836864,0,0,0 pcov=0,0,128,0,0,0 expanded=1,16416,0,0,0,0 sols=0 secs=139.3
ROOT idx=147 basis=4195009,8896,8421409 nodes=1,15648,1626048,0,0,0 pdim=0,0,0,0,0,0 psize=0,0,1626048,0,0,0 pcov=0,0,0,0,0,0 expanded=1,15648,0,0,0,0 sols=0 secs=122.2
ROOT idx=149 basis=4195009,8896,8421472 nodes=1,16032,2070848,0,0,0 pdim=0,0,0,0,0,0 psize=0,0,2070816,0,0,0 pcov=0,0,32,0,0,0 expanded=1,16032,0,0,0,0 sols=0 secs=116.0
ROOT idx=151 basis=4195009,8896,8425472 nodes=1,17776,2906200,0,0,0 pdim=0,0,0,0,0,0 psize=0,0,2905944,0,0,0 pcov=0,0,256,0,0,0 expanded=1,17776,0,0,0,0 sols=0 secs=90.8
ROOT idx=153 basis=4195009,8896,8426544 nodes=1,18632,3384288,0,0,0 pdim=0,0,0,0,0,0 psize=0,0,3384108,0,0,0 pcov=0,0,180,0,0,0 expanded=1,18632,0,0,0,0 sols=0 secs=91.9
ROOT idx=155 basis=4195009,8896,8427520 nodes=1,18680,3667360,0,0,0 pdim=0,0,0,0,0,0 psize=0,0,3666996,0,0,0 pcov=0,0,364,0,0,0 expanded=1,18680,0,0,0,0 sols=0 secs=100.3
ROOT idx=157 basis=4195009,8896,8454288 nodes=1,16032,2070848,0,0,0 pdim=0,0,0,0,0,0 psize=0,0,2070816,0,0,0 pcov=0,0,32,0,0,0 expanded=1,16032,0,0,0,0 sols=0 secs=62.9
ROOT idx=159 basis=4195009,8896,8454320 nodes=1,16032,2070848,0,0,0 pdim=0,0,0,0,0,0 psize=0,0,2070816,0,0,0 pcov=0,0,32,0,0,0 expanded=1,16032,0,0,0,0 sols=0 secs=64.0
ROOT idx=161 basis=4195009,8896,8454368 nodes=1,16192,2054592,0,0,0 pdim=0,0,0,0,0,0 psize=0,0,2053824,0,0,0 pcov=0,0,768,0,0,0 expanded=1,16192,0,0,0,0 sols=0 secs=60.0
ROOT idx=163 basis=4195009,8896,8458242 nodes=1,14864,2361168,0,0,0 pdim=0,0,0,0,0,0 psize=0,0,2361120,0,0,0 pcov=0,0,48,0,0,0 expanded=1,14864,0,0,0,0 sols=0 secs=64.4
ROOT idx=165 basis=4195009,8896,8460290 nodes=1,17688,2679512,0,0,0 pdim=0,0,0,0,0,0 psize=0,0,2679432,0,0,0 pcov=0,0,80,0,0,0 expanded=1,17688,0,0,0,0 sols=0 secs=74.5
ROOT idx=167 basis=4195009,8896,8461360 nodes=1,18828,3601680,0,0,0 pdim=0,0,0,0,0,0 psize=0,0,3601360,0,0,0 pcov=0,0,320,0,0,0 expanded=1,18828,0,0,0,0 sols=0 secs=96.5
ROOT idx=169 basis=4195009,8896,8519696 nodes=1,17472,2226080,0,0,0 pdim=0,0,0,0,0,0 psize=0,0,2225696,0,0,0 pcov=0,0,384,0,0,0 expanded=1,17472,0,0,0,0 sols=0 secs=69.6
ROOT idx=171 basis=4195009,8896,8519713 nodes=1,15648,1626048,0,0,0 pdim=0,0,0,0,0,0 psize=0,0,1626048,0,0,0 pcov=0,0,0,0,0,0 expanded=1,15648,0,0,0,0 sols=0 secs=57.7
ROOT idx=173 basis=4195009,8896,8519760 nodes=1,16704,2163008,0,0,0 pdim=0,0,0,0,0,0 psize=0,0,2162880,0,0,0 pcov=0,0,128,0,0,0 expanded=1,16704,0,0,0,0 sols=0 secs=67.2
ROOT idx=175 basis=4195009,8896,8519793 nodes=1,16032,2070848,0,0,0 pdim=0,0,0,0,0,0 psize=0,0,2070816,0,0,0 pcov=0,0,32,0,0,0 expanded=1,16032,0,0,0,0 sols=0 secs=61.5
ROOT idx=177 basis=4195009,8896,8552496 nodes=1,17072,2373612,0,0,0 pdim=0,0,0,0,0,0 psize=0,0,2373544,0,0,0 pcov=0,0,68,0,0,0 expanded=1,17072,0,0,0,0 sols=0 secs=70.1
ROOT idx=179 basis=4195009,8896,8552544 nodes=1,17072,2373612,0,0,0 pdim=0,0,0,0,0,0 psize=0,0,2373544,0,0,0 pcov=0,0,68,0,0,0 expanded=1,17072,0,0,0,0 sols=0 secs=68.3
ROOT idx=181 basis=4195009,8896,8585232 nodes=1,17072,2373612,0,0,0 pdim=0,0,0,0,0,0 psize=0,0,2373544,0,0,0 pcov=0,0,68,0,0,0 expanded=1,17072,0,0,0,0 sols=0 secs=72.9
ROOT idx=183 basis=4195009,8896,8585264 nodes=1,17536,2657728,0,0,0 pdim=0,0,0,0,0,0 psize=0,0,2657440,0,0,0 pcov=0,0,288,0,0,0 expanded=1,17536,0,0,0,0 sols=0 secs=78.6
ROOT idx=185 basis=4195009,8896,8585297 nodes=1,17408,2542304,0,0,0 pdim=0,0,0,0,0,0 psize=0,0,2541888,0,0,0 pcov=0,0,416,0,0,0 expanded=1,17408,0,0,0,0 sols=0 secs=72.3
ROOT idx=187 basis=4195009,8896,8585361 nodes=1,17472,2226080,0,0,0 pdim=0,0,0,0,0,0 psize=0,0,2225696,0,0,0 pcov=0,0,384,0,0,0 expanded=1,17472,0,0,0,0 sols=0 secs=68.7
ROOT idx=189 basis=4195009,8896,8585424 nodes=1,16768,2278080,0,0,0 pdim=0,0,0,0,0,0 psize=0,0,2278016,0,0,0 pcov=0,0,64,0,0,0 expanded=1,16768,0,0,0,0 sols=0 secs=68.2
ROOT idx=191 basis=4195009,8896,8585440 nodes=1,16032,2070848,0,0,0 pdim=0,0,0,0,0,0 psize=0,0,2070816,0,0,0 pcov=0,0,32,0,0,0 expanded=1,16032,0,0,0,0 sols=0 secs=55.1
ROOT idx=193 basis=4195009,8896,16810016 nodes=1,17472,2226080,0,0,0 pdim=0,0,0,0,0,0 psize=0,0,2225696,0,0,0 pcov=0,0,384,0,0,0 expanded=1,17472,0,0,0,0 sols=0 secs=63.4
ROOT idx=195 basis=4195009,8896,16810528 nodes=1,17152,2142656,0,0,0 pdim=0,0,0,0,0,0 psize=0,0,2142176,0,0,0 pcov=0,0,480,0,0,0 expanded=1,17152,0,0,0,0 sols=0 secs=66.8
ROOT idx=197 basis=4195009,8896,16842769 nodes=1,18576,1945120,0,0,0 pdim=0,0,0,0,0,0 psize=0,0,1944992,0,0,0 pcov=0,0,128,0,0,0 expanded=1,18576,0,0,0,0 sols=0 secs=61.1
ROOT idx=199 basis=4195009,8896,16842800 nodes=1,17072,2373612,0,0,0 pdim=0,0,0,0,0,0 psize=0,0,2373544,0,0,0 pcov=0,0,68,0,0,0 expanded=1,17072,0,0,0,0 sols=0 secs=69.8
ROOT idx=201 basis=4195009,8896,16842849 nodes=1,16032,2070848,0,0,0 pdim=0,0,0,0,0,0 psize=0,0,2070816,0,0,0 pcov=0,0,32,0,0,0 expanded=1,16032,0,0,0,0 sols=0 secs=56.1
ROOT idx=203 basis=4195009,8896,16842865 nodes=1,17216,2542976,0,0,0 pdim=0,0,0,0,0,0 psize=0,0,2542816,0,0,0 pcov=0,0,160,0,0,0 expanded=1,17216,0,0,0,0 sols=0 secs=71.6
ROOT idx=205 basis=4195009,8896,16843297 nodes=1,15648,1626048,0,0,0 pdim=0,0,0,0,0,0 psize=0,0,1626048,0,0,0 pcov=0,0,0,0,0,0 expanded=1,15648,0,0,0,0 sols=0 secs=53.1
ROOT idx=207 basis=4195009,8896,16843345 nodes=1,18576,1945120,0,0,0 pdim=0,0,0,0,0,0 psize=0,0,1944992,0,0,0 pcov=0,0,128,0,0,0 expanded=1,18576,0,0,0,0 sols=0 secs=62.4
ROOT idx=209 basis=4195009,8896,16843377 nodes=1,16768,2278080,0,0,0 pdim=0,0,0,0,0,0 psize=0,0,2278016,0,0,0 pcov=0,0,64,0,0,0 expanded=1,16768,0,0,0,0 sols=0 secs=67.3
ROOT idx=211 basis=4195009,8896,16843777 nodes=1,18080,2708604,0,0,0 pdim=0,0,0,0,0,0 psize=0,0,2708508,0,0,0 pcov=0,0,96,0,0,0 expanded=1,18080,0,0,0,0 sols=0 secs=73.5
ROOT idx=213 basis=4195009,8896,16908832 nodes=1,16416,1836992,0,0,0 pdim=0,0,0,0,0,0 psize=0,0,1836864,0,0,0 pcov=0,0,128,0,0,0 expanded=1,16416,0,0,0,0 sols=0 secs=58.5
ROOT idx=215 basis=4195009,8896,16941216 nodes=1,16768,2278080,0,0,0 pdim=0,0,0,0,0,0 psize=0,0,2278016,0,0,0 pcov=0,0,64,0,0,0 expanded=1,16768,0,0,0,0 sols=0 secs=64.2
ROOT idx=217 basis=4195009,8896,33554626 nodes=1,17192,2603528,0,0,0 pdim=0,0,0,0,0,0 psize=0,0,2603464,0,0,0 pcov=0,0,64,0,0,0 expanded=1,17192,0,0,0,0 sols=0 secs=65.9
ROOT idx=219 basis=4195009,8896,33554658 nodes=1,17736,2639704,0,0,0 pdim=0,0,0,0,0,0 psize=0,0,2639656,0,0,0 pcov=0,0,48,0,0,0 expanded=1,17736,0,0,0,0 sols=0 secs=68.4
ROOT idx=221 basis=4195009,8896,33556994 nodes=1,17264,2541904,0,0,0 pdim=0,0,0,0,0,0 psize=0,0,2541832,0,0,0 pcov=0,0,72,0,0,0 expanded=1,17264,0,0,0,0 sols=0 secs=62.8
ROOT idx=223 basis=4195009,8896,33557003 nodes=1,17264,2541904,0,0,0 pdim=0,0,0,0,0,0 psize=0,0,2541832,0,0,0 pcov=0,0,72,0,0,0 expanded=1,17264,0,0,0,0 sols=0 secs=69.9
ROOT idx=225 basis=4195009,8896,33557064 nodes=1,17192,2603528,0,0,0 pdim=0,0,0,0,0,0 psize=0,0,2603472,0,0,0 pcov=0,0,56,0,0,0 expanded=1,17192,0,0,0,0 sols=0 secs=69.9
ROOT idx=227 basis=4195009,8896,33558568 nodes=1,18384,3242644,0,0,0 pdim=0,0,0,0,0,0 psize=0,0,3242396,0,0,0 pcov=0,0,248,0,0,0 expanded=1,18384,0,0,0,0 sols=0 secs=85.7
ROOT idx=229 basis=4195009,8896,33558696 nodes=1,18608,3289856,0,0,0 pdim=0,0,0,0,0,0 psize=0,0,3289544,0,0,0 pcov=0,0,312,0,0,0 expanded=1,18608,0,0,0,0 sols=0 secs=85.2
ROOT idx=231 basis=4195009,8896,33560616 nodes=1,18792,3145184,0,0,0 pdim=0,0,0,0,0,0 psize=0,0,3144964,0,0,0 pcov=0,0,220,0,0,0 expanded=1,18792,0,0,0,0 sols=0 secs=82.7
ROOT idx=233 basis=4195009,8896,33570880 nodes=1,17192,2603528,0,0,0 pdim=0,0,0,0,0,0 psize=0,0,2603464,0,0,0 pcov=0,0,64,0,0,0 expanded=1,17192,0,0,0,0 sols=0 secs=66.2
ROOT idx=235 basis=4195009,8896,33574952 nodes=1,18340,3181036,0,0,0 pdim=0,0,0,0,0,0 psize=0,0,3180840,0,0,0 pcov=0,0,196,0,0,0 expanded=1,18340,0,0,0,0 sols=0 secs=86.9
ROOT idx=237 basis=4195009,8896,33574978 nodes=1,18584,3486820,0,0,0 pdim=0,0,0,0,0,0 psize=0,0,3486506,0,0,0 pcov=0,0,314,0,0,0 expanded=1,18584,0,0,0,0 sols=0 secs=84.0
ROOT idx=239 basis=4195009,8896,33575082 nodes=1,18352,3284904,0,0,0 pdim=0,0,0,0,0,0 psize=0,0,3284724,0,0,0 pcov=0,0,180,0,0,0 expanded=1,18352,0,0,0,0 sols=0 secs=83.2
ROOT idx=241 basis=4195009,8896,33577000 nodes=1,18580,3590332,0,0,0 pdim=0,0,0,0,0,0 psize=0,0,3590076,0,0,0 pcov=0,0,256,0,0,0 expanded=1,18580,0,0,0,0 sols=0 secs=85.5
ROOT idx=243 basis=4195009,8896,33577056 nodes=1,18612,3574872,0,0,0 pdim=0,0,0,0,0,0 psize=0,0,3574540,0,0,0 pcov=0,0,332,0,0,0 expanded=1,18612,0,0,0,0 sols=0 secs=87.7
ROOT idx=245 basis=4195009,8896,33624104 nodes=1,18392,3266868,0,0,0 pdim=0,0,0,0,0,0 psize=0,0,3266576,0,0,0 pcov=0,0,292,0,0,0 expanded=1,18392,0,0,0,0 sols=0 secs=82.1
ROOT idx=247 basis=4195009,8896,33624130 nodes=1,18680,3667360,0,0,0 pdim=0,0,0,0,0,0 psize=0,0,3666998,0,0,0 pcov=0,0,362,0,0,0 expanded=1,18680,0,0,0,0 sols=0 secs=91.3
ROOT idx=249 basis=4195009,8896,33624234 nodes=1,18396,3279048,0,0,0 pdim=0,0,0,0,0,0 psize=0,0,3278736,0,0,0 pcov=0,0,312,0,0,0 expanded=1,18396,0,0,0,0 sols=0 secs=81.6
ROOT idx=251 basis=4195009,8896,33626152 nodes=1,18564,3195020,0,0,0 pdim=0,0,0,0,0,0 psize=0,0,3194716,0,0,0 pcov=0,0,304,0,0,0 expanded=1,18564,0,0,0,0 sols=0 secs=87.1
ROOT idx=253 basis=4195009,8896,33626210 nodes=1,18612,3553544,0,0,0 pdim=0,0,0,0,0,0 psize=0,0,3553198,0,0,0 pcov=0,0,346,0,0,0 expanded=1,18612,0,0,0,0 sols=0 secs=89.8
ROOT idx=255 basis=4195009,8896,33626282 nodes=1,18932,3222912,0,0,0 pdim=0,0,0,0,0,0 psize=0,0,3222708,0,0,0 pcov=0,0,204,0,0,0 expanded=1,18932,0,0,0,0 sols=0 secs=86.9
ROOT idx=257 basis=4195009,8896,33685569 nodes=1,18688,3124120,0,0,0 pdim=0,0,0,0,0,0 psize=0,0,3123876,0,0,0 pcov=0,0,244,0,0,0 expanded=1,18688,0,0,0,0 sols=0 secs=77.9
ROOT idx=259 basis=4195009,8896,33685577 nodes=1,18648,3139132,0,0,0 pdim=0,0,0,0,0,0 psize=0,0,3138866,0,0,0 pcov=0,0,266,0,0,0 expanded=1,18648,0,0,0,0 sols=0 secs=78.3
ROOT idx=261 basis=4195009,8896,33685704 nodes=1,18544,3592664,0,0,0 pdim=0,0,0,0,0,0 psize=0,0,3592280,0,0,0 pcov=0,0,384,0,0,0 expanded=1,18544,0,0,0,0 sols=0 secs=90.2
ROOT idx=263 basis=4195009,8896,33688064 nodes=1,18644,3211040,0,0,0 pdim=0,0,0,0,0,0 psize=0,0,3210776,0,0,0 pcov=0,0,264,0,0,0 expanded=1,18644,0,0,0,0 sols=0 secs=81.3
ROOT idx=265 basis=4195009,8896,33688073 nodes=1,18572,3571008,0,0,0 pdim=0,0,0,0,0,0 psize=0,0,3570752,0,0,0 pcov=0,0,256,0,0,0 expanded=1,18572,0,0,0,0 sols=0 secs=89.8
ROOT idx=267 basis=4195009,8896,33688136 nodes=1,18580,3590332,0,0,0 pdim=0,0,0,0,0,0 psize=0,0,3590076,0,0,0 pcov=0,0,256,0,0,0 expanded=1,18580,0,0,0,0 sols=0 secs=90.1
ROOT idx=269 basis=4195009,8896,50331649 nodes=1,18320,3209476,0,0,0 pdim=0,0,0,0,0,0 psize=0,0,3209152,0,0,0 pcov=0,0,324,0,0,0 expanded=1,18320,0,0,0,0 sols=0 secs=82.8
ROOT idx=271 basis=4195009,8896,50331777 nodes=1,18312,3165016,0,0,0 pdim=0,0,0,0,0,0 psize=0,0,3164760,0,0,0 pcov=0,0,256,0,0,0 expanded=1,18312,0,0,0,0 sols=0 secs=80.6
ROOT idx=273 basis=4195009,8896,50333697 nodes=1,18644,3211040,0,0,0 pdim=0,0,0,0,0,0 psize=0,0,3210772,0,0,0 pcov=0,0,268,0,0,0 expanded=1,18644,0,0,0,0 sols=0 secs=82.6
ROOT idx=275 basis=4195009,8896,50333762 nodes=1,18792,3145184,0,0,0 pdim=0,0,0,0,0,0 psize=0,0,3144964,0,0,0 pcov=0,0,220,0,0,0 expanded=1,18792,0,0,0,0 sols=0 secs=81.3
ROOT idx=277 basis=4195009,8896,50462723 nodes=1,18552,3275604,0,0,0 pdim=0,0,0,0,0,0 psize=0,0,3275260,0,0,0 pcov=0,0,344,0,0,0 expanded=1,18552,0,0,0,0 sols=0 secs=84.3
ROOT idx=279 basis=4195009,8896,50462755 nodes=1,18360,3242688,0,0,0 pdim=0,0,0,0,0,0 psize=0,0,3242424,0,0,0 pcov=0,0,264,0,0,0 expanded=1,18360,0,0,0,0 sols=0 secs=87.5
ROOT idx=281 basis=4195009,8896,50464769 nodes=1,18884,3208668,0,0,0 pdim=0,0,0,0,0,0 psize=0,0,3208448,0,0,0 pcov=0,0,220,0,0,0 expanded=1,18884,0,0,0,0 sols=0 secs=85.4
ROOT idx=283 basis=4195009,8896,50464834 nodes=1,18576,3118096,0,0,0 pdim=0,0,0,0,0,0 psize=0,0,3117906,0,0,0 pcov=0,0,190,0,0,0 expanded=1,18576,0,0,0,0 sols=0 secs=78.7
ROOT idx=285 basis=4195009,8896,67110914 nodes=1,18636,3589940,0,0,0 pdim=0,0,0,0,0,0 psize=0,0,3589676,0,0,0 pcov=0,0,264,0,0,0 expanded=1,18636,0,0,0,0 sols=0 secs=86.3
ROOT idx=287 basis=4195009,8896,67113504 nodes=1,17664,2993592,0,0,0 pdim=0,0,0,0,0,0 psize=0,0,2993360,0,0,0 pcov=0,0,232,0,0,0 expanded=1,17664,0,0,0,0 sols=0 secs=72.5
ROOT idx=289 basis=4195009,8896,67114528 nodes=1,17480,2939808,0,0,0 pdim=0,0,0,0,0,0 psize=0,0,2939592,0,0,0 pcov=0,0,216,0,0,0 expanded=1,17480,0,0,0,0 sols=0 secs=69.4
ROOT idx=291 basis=4195009,8896,67127296 nodes=1,18636,3589940,0,0,0 pdim=0,0,0,0,0,0 psize=0,0,3589676,0,0,0 pcov=0,0,264,0,0,0 expanded=1,18636,0,0,0,0 sols=0 secs=85.6
ROOT idx=293 basis=4195009,8896,67127400 nodes=1,18508,3614416,0,0,0 pdim=0,0,0,0,0,0 psize=0,0,3614056,0,0,0 pcov=0,0,360,0,0,0 expanded=1,18508,0,0,0,0 sols=0 secs=85.0
ROOT idx=295 basis=4195009,8896,67174408 nodes=1,17240,2456716,0,0,0 pdim=0,0,0,0,0,0 psize=0,0,2456676,0,0,0 pcov=0,0,40,0,0,0 expanded=1,17240,0,0,0,0 sols=0 secs=67.0
ROOT idx=297 basis=4195009,8896,67175432 nodes=1,17932,2730664,0,0,0 pdim=0,0,0,0,0,0 psize=0,0,2730512,0,0,0 pcov=0,0,152,0,0,0 expanded=1,17932,0,0,0,0 sols=0 secs=73.8
ROOT idx=299 basis=4195009,8896,67176449 nodes=1,18648,3139132,0,0,0 pdim=0,0,0,0,0,0 psize=0,0,3138872,0,0,0 pcov=0,0,260,0,0,0 expanded=1,18648,0,0,0,0 sols=0 secs=85.5
ROOT idx=301 basis=4195009,8896,67176553 nodes=1,18508,3614416,0,0,0 pdim=0,0,0,0,0,0 psize=0,0,3614060,0,0,0 pcov=0,0,356,0,0,0 expanded=1,18508,0,0,0,0 sols=0 secs=90.6
ROOT idx=303 basis=4195009,8896,67176961 nodes=1,18672,3597700,0,0,0 pdim=0,0,0,0,0,0 psize=0,0,3597360,0,0,0 pcov=0,0,340,0,0,0 expanded=1,18672,0,0,0,0 sols=0 secs=88.8
ROOT idx=305 basis=4195009,8896,67178497 nodes=1,17932,2730664,0,0,0 pdim=0,0,0,0,0,0 psize=0,0,2730516,0,0,0 pcov=0,0,148,0,0,0 expanded=1,17932,0,0,0,0 sols=0 secs=70.4
ROOT idx=307 basis=4195009,8896,67179040 nodes=1,19340,3711836,0,0,0 pdim=0,0,0,0,0,0 psize=0,0,3711532,0,0,0 pcov=0,0,304,0,0,0 expanded=1,19340,0,0,0,0 sols=0 secs=89.8
ROOT idx=309 basis=4195009,8896,67179104 nodes=1,19480,3701844,0,0,0 pdim=0,0,0,0,0,0 psize=0,0,3701490,0,0,0 pcov=0,0,354,0,0,0 expanded=1,19480,0,0,0,0 sols=0 secs=96.6
ROOT idx=311 basis=4195009,8896,67179521 nodes=1,17240,2456716,0,0,0 pdim=0,0,0,0,0,0 psize=0,0,2456684,0,0,0 pcov=0,0,32,0,0,0 expanded=1,17240,0,0,0,0 sols=0 secs=64.7
ROOT idx=313 basis=4195009,8896,67179593 nodes=1,15680,2229072,0,0,0 pdim=0,0,0,0,0,0 psize=0,0,2229040,0,0,0 pcov=0,0,32,0,0,0 expanded=1,15680,0,0,0,0 sols=0 secs=67.1
ROOT idx=315 basis=4195009,8896,67180041 nodes=1,15680,2229072,0,0,0 pdim=0,0,0,0,0,0 psize=0,0,2229040,0,0,0 pcov=0,0,32,0,0,0 expanded=1,15680,0,0,0,0 sols=0 secs=65.0
ROOT idx=317 basis=4195009,8896,67180097 nodes=1,17240,2456716,0,0,0 pdim=0,0,0,0,0,0 psize=0,0,2456684,0,0,0 pcov=0,0,32,0,0,0 expanded=1,17240,0,0,0,0 sols=0 secs=64.4
ROOT idx=319 basis=4195009,8896,75498497 nodes=1,17664,2993592,0,0,0 pdim=0,0,0,0,0,0 psize=0,0,2993360,0,0,0 pcov=0,0,232,0,0,0 expanded=1,17664,0,0,0,0 sols=0 secs=78.8
ROOT idx=321 basis=4195009,8896,75502593 nodes=1,17480,2939808,0,0,0 pdim=0,0,0,0,0,0 psize=0,0,2939592,0,0,0 pcov=0,0,216,0,0,0 expanded=1,17480,0,0,0,0 sols=0 secs=73.8
ROOT idx=323 basis=4195009,8896,75502656 nodes=1,16944,2789272,0,0,0 pdim=0,0,0,0,0,0 psize=0,0,2789120,0,0,0 pcov=0,0,152,0,0,0 expanded=1,16944,0,0,0,0 sols=0 secs=69.7
ROOT idx=325 basis=4195009,8896,75563105 nodes=1,18576,3516872,0,0,0 pdim=0,0,0,0,0,0 psize=0,0,3516518,0,0,0 pcov=0,0,354,0,0,0 expanded=1,18576,0,0,0,0 sols=0 secs=83.9
ROOT idx=327 basis=4195009,8896,75563233 nodes=1,18576,3516872,0,0,0 pdim=0,0,0,0,0,0 psize=0,0,3516512,0,0,0 pcov=0,0,360,0,0,0 expanded=1,18576,0,0,0,0 sols=0 secs=83.0
ROOT idx=329 basis=4195009,8896,75564096 nodes=1,19480,3701844,0,0,0 pdim=0,0,0,0,0,0 psize=0,0,3701489,0,0,0 pcov=0,0,355,0,0,0 expanded=1,19480,0,0,0,0 sols=0 secs=94.1
ROOT idx=331 basis=4195009,8896,75564224 nodes=1,18512,3510416,0,0,0 pdim=0,0,0,0,0,0 psize=0,0,3510164,0,0,0 pcov=0,0,252,0,0,0 expanded=1,18512,0,0,0,0 sols=0 secs=84.3
ROOT idx=333 basis=4195009,8896,75568162 nodes=1,17792,2893160,0,0,0 pdim=0,0,0,0,0,0 psize=0,0,2892936,0,0,0 pcov=0,0,224,0,0,0 expanded=1,17792,0,0,0,0 sols=0 secs=74.8
ROOT idx=335 basis=4195009,8896,134218243 nodes=1,17736,2639704,0,0,0 pdim=0,0,0,0,0,0 psize=0,0,2639640,0,0,0 pcov=0,0,64,0,0,0 expanded=1,17736,0,0,0,0 sols=0 secs=67.7
ROOT idx=337 basis=4195009,8896,134218371 nodes=1,17192,2603528,0,0,0 pdim=0,0,0,0,0,0 psize=0,0,2603464,0,0,0 pcov=0,0,64,0,0,0 expanded=1,17192,0,0,0,0 sols=0 secs=64.7
ROOT idx=339 basis=4195009,8896,134218386 nodes=1,18412,3234320,0,0,0 pdim=0,0,0,0,0,0 psize=0,0,3234060,0,0,0 pcov=0,0,260,0,0,0 expanded=1,18412,0,0,0,0 sols=0 secs=82.6
ROOT idx=341 basis=4195009,8896,134218776 nodes=1,18392,3266868,0,0,0 pdim=0,0,0,0,0,0 psize=0,0,3266576,0,0,0 pcov=0,0,292,0,0,0 expanded=1,18392,0,0,0,0 sols=0 secs=82.4
ROOT idx=343 basis=4195009,8896,134218883 nodes=1,18672,3597700,0,0,0 pdim=0,0,0,0,0,0 psize=0,0,3597356,0,0,0 pcov=0,0,344,0,0,0 expanded=1,18672,0,0,0,0 sols=0 secs=91.1
ROOT idx=345 basis=4195009,8896,134219913 nodes=1,17736,2639704,0,0,0 pdim=0,0,0,0,0,0 psize=0,0,2639640,0,0,0 pcov=0,0,64,0,0,0 expanded=1,17736,0,0,0,0 sols=0 secs=69.2
ROOT idx=347 basis=4195009,8896,134220304 nodes=1,18644,3211040,0,0,0 pdim=0,0,0,0,0,0 psize=0,0,3210772,0,0,0 pcov=0,0,268,0,0,0 expanded=1,18644,0,0,0,0 sols=0 secs=83.5
ROOT idx=349 basis=4195009,8896,134220425 nodes=1,17192,2603528,0,0,0 pdim=0,0,0,0,0,0 psize=0,0,2603472,0,0,0 pcov=0,0,56,0,0,0 expanded=1,17192,0,0,0,0 sols=0 secs=66.3
ROOT idx=351 basis=4195009,8896,134220803 nodes=1,18472,3544552,0,0,0 pdim=0,0,0,0,0,0 psize=0,0,3544196,0,0,0 pcov=0,0,356,0,0,0 expanded=1,18472,0,0,0,0 sols=0 secs=87.1
ROOT idx=353 basis=4195009,8896,134220826 nodes=1,18648,3540124,0,0,0 pdim=0,0,0,0,0,0 psize=0,0,3539890,0,0,0 pcov=0,0,234,0,0,0 expanded=1,18648,0,0,0,0 sols=0 secs=86.3
ROOT idx=355 basis=4195009,8896,134220954 nodes=1,18900,3561704,0,0,0 pdim=0,0,0,0,0,0 psize=0,0,3561432,0,0,0 pcov=0,0,272,0,0,0 expanded=1,18900,0,0,0,0 sols=0 secs=88.5
ROOT idx=357 basis=4195009,8896,134234115 nodes=1,17688,2679512,0,0,0 pdim=0,0,0,0,0,0 psize=0,0,2679432,0,0,0 pcov=0,0,80,0,0,0 expanded=1,17688,0,0,0,0 sols=0 secs=68.7
ROOT idx=359 basis=4195009,8896,134234640 nodes=1,18364,3258824,0,0,0 pdim=0,0,0,0,0,0 psize=0,0,3258532,0,0,0 pcov=0,0,292,0,0,0 expanded=1,18364,0,0,0,0 sols=0 secs=83.7
ROOT idx=361 basis=4195009,8896,134235267 nodes=1,18584,3486820,0,0,0 pdim=0,0,0,0,0,0 psize=0,0,3486508,0,0,0 pcov=0,0,312,0,0,0 expanded=1,18584,0,0,0,0 sols=0 secs=85.7
ROOT idx=363 basis=4195009,8896,134236161 nodes=1,17264,2541904,0,0,0 pdim=0,0,0,0,0,0 psize=0,0,2541832,0,0,0 pcov=0,0,72,0,0,0 expanded=1,17264,0,0,0,0 sols=0 secs=66.1
ROOT idx=365 basis=4195009,8896,134236289 nodes=1,17192,2603528,0,0,0 pdim=0,0,0,0,0,0 psize=0,0,2603472,0,0,0 pcov=0,0,56,0,0,0 expanded=1,17192,0,0,0,0 sols=0 secs=65.4
ROOT idx=367 basis=4195009,8896,134237187 nodes=1,18580,3590332,0,0,0 pdim=0,0,0,0,0,0 psize=0,0,3590066,0,0,0 pcov=0,0,266,0,0,0 expanded=1,18580,0,0,0,0 sols=0 secs=88.3
ROOT idx=369 basis=4195009,8896,134237313 nodes=1,18576,3118096,0,0,0 pdim=0,0,0,0,0,0 psize=0,0,3117908,0,0,0 pcov=0,0,188,0,0,0 expanded=1,18576,0,0,0,0 sols=0 secs=81.9
ROOT idx=371 basis=4195009,8896,134237336 nodes=1,18612,3553544,0,0,0 pdim=0,0,0,0,0,0 psize=0,0,3553202,0,0,0 pcov=0,0,342,0,0,0 expanded=1,18612,0,0,0,0 sols=0 secs=85.9
ROOT idx=373 basis=4195009,8896,134250499 nodes=1,18712,3218492,0,0,0 pdim=0,0,0,0,0,0 psize=0,0,3218304,0,0,0 pcov=0,0,188,0,0,0 expanded=1,18712,0,0,0,0 sols=0 secs=81.3
ROOT idx=375 basis=4195009,8896,134250627 nodes=1,18648,3139132,0,0,0 pdim=0,0,0,0,0,0 psize=0,0,3138872,0,0,0 pcov=0,0,260,0,0,0 expanded=1,18648,0,0,0,0 sols=0 secs=81.8
ROOT idx=377 basis=4195009,8896,134251011 nodes=1,18544,3592664,0,0,0 pdim=0,0,0,0,0,0 psize=0,0,3592284,0,0,0 pcov=0,0,380,0,0,0 expanded=1,18544,0,0,0,0 sols=0 secs=95.0
ROOT idx=379 basis=4195009,8896,134251026 nodes=1,18472,3271088,0,0,0 pdim=0,0,0,0,0,0 psize=0,0,3270808,0,0,0 pcov=0,0,280,0,0,0 expanded=1,18472,0,0,0,0 sols=0 secs=84.4
ROOT idx=381 basis=4195009,8896,134251034 nodes=1,18360,3242688,0,0,0 pdim=0,0,0,0,0,0 psize=0,0,3242424,0,0,0 pcov=0,0,264,0,0,0 expanded=1,18360,0,0,0,0 sols=0 secs=83.3
ROOT idx=383 basis=4195009,8896,134251152 nodes=1,18284,3144524,0,0,0 pdim=0,0,0,0,0,0 psize=0,0,3144300,0,0,0 pcov=0,0,224,0,0,0 expanded=1,18284,0,0,0,0 sols=0 secs=87.2
ROOT idx=385 basis=4195009,8896,134251544 nodes=1,18608,3289856,0,0,0 pdim=0,0,0,0,0,0 psize=0,0,3289544,0,0,0 pcov=0,0,312,0,0,0 expanded=1,18608,0,0,0,0 sols=0 secs=88.9
ROOT idx=387 basis=4195009,8896,134251649 nodes=1,18828,3601680,0,0,0 pdim=0,0,0,0,0,0 psize=0,0,3601360,0,0,0 pcov=0,0,320,0,0,0 expanded=1,18828,0,0,0,0 sols=0 secs=89.7
ROOT idx=389 basis=4195009,8896,134251674 nodes=1,18384,3242644,0,0,0 pdim=0,0,0,0,0,0 psize=0,0,3242408,0,0,0 pcov=0,0,236,0,0,0 expanded=1,18384,0,0,0,0 sols=0 secs=87.3
ROOT idx=391 basis=4195009,8896,134252048 nodes=1,18192,3266064,0,0,0 pdim=0,0,0,0,0,0 psize=0,0,3265572,0,0,0 pcov=0,0,492,0,0,0 expanded=1,18192,0,0,0,0 sols=0 secs=88.1
ROOT idx=393 basis=4195009,8896,134252545 nodes=1,18644,3211040,0,0,0 pdim=0,0,0,0,0,0 psize=0,0,3210776,0,0,0 pcov=0,0,264,0,0,0 expanded=1,18644,0,0,0,0 sols=0 secs=88.2
ROOT idx=395 basis=4195009,8896,134252673 nodes=1,18884,3208668,0,0,0 pdim=0,0,0,0,0,0 psize=0,0,3208448,0,0,0 pcov=0,0,220,0,0,0 expanded=1,18884,0,0,0,0 sols=0 secs=89.0
ROOT idx=397 basis=4195009,8896,134253065 nodes=1,18572,3571008,0,0,0 pdim=0,0,0,0,0,0 psize=0,0,3570760,0,0,0 pcov=0,0,248,0,0,0 expanded=1,18572,0,0,0,0 sols=0 secs=93.8
ROOT idx=399 basis=4195009,8896,134253074 nodes=1,18472,3544552,0,0,0 pdim=0,0,0,0,0,0 psize=0,0,3544202,0,0,0 pcov=0,0,350,0,0,0 expanded=1,18472,0,0,0,0 sols=0 secs=88.3
ROOT idx=401 basis=4195009,8896,134253202 nodes=1,18576,3118096,0,0,0 pdim=0,0,0,0,0,0 psize=0,0,3117908,0,0,0 pcov=0,0,188,0,0,0 expanded=1,18576,0,0,0,0 sols=0 secs=83.3
ROOT idx=403 basis=4195009,8896,167772315 nodes=1,17592,2915504,0,0,0 pdim=0,0,0,0,0,0 psize=0,0,2915352,0,0,0 pcov=0,0,152,0,0,0 expanded=1,17592,0,0,0,0 sols=0 secs=77.7
ROOT idx=405 basis=4195009,8896,167772683 nodes=1,19480,3701844,0,0,0 pdim=0,0,0,0,0,0 psize=0,0,3701482,0,0,0 pcov=0,0,362,0,0,0 expanded=1,19480,0,0,0,0 sols=0 secs=95.7
ROOT idx=407 basis=4195009,8896,167772803 nodes=1,19008,3227064,0,0,0 pdim=0,0,0,0,0,0 psize=0,0,3226912,0,0,0 pcov=0,0,152,0,0,0 expanded=1,19008,0,0,0,0 sols=0 secs=86.8
ROOT idx=409 basis=4195009,8896,167773192 nodes=1,18728,3419068,0,0,0 pdim=0,0,0,0,0,0 psize=0,0,3418804,0,0,0 pcov=0,0,264,0,0,0 expanded=1,18728,0,0,0,0 sols=0 secs=89.7
ROOT idx=411 basis=4195009,8896,167773203 nodes=1,17776,3161248,0,0,0 pdim=0,0,0,0,0,0 psize=0,0,3161006,0,0,0 pcov=0,0,242,0,0,0 expanded=1,17776,0,0,0,0 sols=0 secs=83.0
ROOT idx=413 basis=4195009,8896,167773322 nodes=1,18728,3419068,0,0,0 pdim=0,0,0,0,0,0 psize=0,0,3418804,0,0,0 pcov=0,0,264,0,0,0 expanded=1,18728,0,0,0,0 sols=0 secs=89.6
ROOT idx=415 basis=4195009,8896,167773712 nodes=1,18624,3301028,0,0,0 pdim=0,0,0,0,0,0 psize=0,0,3300708,0,0,0 pcov=0,0,320,0,0,0 expanded=1,18624,0,0,0,0 sols=0 secs=89.0
ROOT idx=417 basis=4195009,8896,167773827 nodes=1,18864,3575968,0,0,0 pdim=0,0,0,0,0,0 psize=0,0,3575654,0,0,0 pcov=0,0,314,0,0,0 expanded=1,18864,0,0,0,0 sols=0 secs=90.7
ROOT idx=419 basis=4195009,8896,167774353 nodes=1,18312,3165016,0,0,0 pdim=0,0,0,0,0,0 psize=0,0,3164762,0,0,0 pcov=0,0,254,0,0,0 expanded=1,18312,0,0,0,0 sols=0 secs=85.2
ROOT idx=421 basis=4195009,8896,167774723 nodes=1,18552,3275604,0,0,0 pdim=0,0,0,0,0,0 psize=0,0,3275260,0,0,0 pcov=0,0,344,0,0,0 expanded=1,18552,0,0,0,0 sols=0 secs=86.9
ROOT idx=423 basis=4195009,8896,167774736 nodes=1,18312,3165016,0,0,0 pdim=0,0,0,0,0,0 psize=0,0,3164762,0,0,0 pcov=0,0,254,0,0,0 expanded=1,18312,0,0,0,0 sols=0 secs=87.7
ROOT idx=425 basis=4195009,8896,167774851 nodes=1,18608,3289856,0,0,0 pdim=0,0,0,0,0,0 psize=0,0,3289532,0,0,0 pcov=0,0,324,0,0,0 expanded=1,18608,0,0,0,0 sols=0 secs=88.8
ROOT idx=427 basis=4195009,8896,167775240 nodes=1,18344,3299232,0,0,0 pdim=0,0,0,0,0,0 psize=0,0,3298988,0,0,0 pcov=0,0,244,0,0,0 expanded=1,18344,0,0,0,0 sols=0 secs=89.9
ROOT idx=429 basis=4195009,8896,167775251 nodes=1,18396,3279048,0,0,0 pdim=0,0,0,0,0,0 psize=0,0,3278740,0,0,0 pcov=0,0,308,0,0,0 expanded=1,18396,0,0,0,0 sols=0 secs=89.1
ROOT idx=431 basis=4195009,8896,167775377 nodes=1,18412,3234320,0,0,0 pdim=0,0,0,0,0,0 psize=0,0,3234056,0,0,0 pcov=0,0,264,0,0,0 expanded=1,18412,0,0,0,0 sols=0 secs=88.5
ROOT idx=433 basis=4195009,8896,167775760 nodes=1,18412,3234320,0,0,0 pdim=0,0,0,0,0,0 psize=0,0,3234060,0,0,0 pcov=0,0,260,0,0,0 expanded=1,18412,0,0,0,0 sols=0 secs=86.6
ROOT idx=435 basis=4195009,8896,167788561 nodes=1,16944,2789272,0,0,0 pdim=0,0,0,0,0,0 psize=0,0,2789120,0,0,0 pcov=0,0,152,0,0,0 expanded=1,16944,0,0,0,0 sols=0 secs=76.3
ROOT idx=437 basis=4195009,8896,167789704 nodes=1,18728,3419068,0,0,0 pdim=0,0,0,0,0,0 psize=0,0,3418804,0,0,0 pcov=0,0,264,0,0,0 expanded=1,18728,0,0,0,0 sols=0 secs=88.3
ROOT idx=439 basis=4195009,8896,167789713 nodes=1,17776,3161248,0,0,0 pdim=0,0,0,0,0,0 psize=0,0,3161006,0,0,0 pcov=0,0,242,0,0,0 expanded=1,17776,0,0,0,0 sols=0 secs=81.9
ROOT idx=441 basis=4195009,8896,167790211 nodes=1,19296,3687480,0,0,0 pdim=0,0,0,0,0,0 psize=0,0,3686928,0,0,0 pcov=0,0,552,0,0,0 expanded=1,19296,0,0,0,0 sols=0 secs=94.3
ROOT idx=443 basis=4195009,8896,167790609 nodes=1,18384,3242644,0,0,0 pdim=0,0,0,0,0,0 psize=0,0,3242404,0,0,0 pcov=0,0,240,0,0,0 expanded=1,18384,0,0,0,0 sols=0 secs=86.0
ROOT idx=445 basis=4195009,8896,167791754 nodes=1,18352,3284904,0,0,0 pdim=0,0,0,0,0,0 psize=0,0,3284720,0,0,0 pcov=0,0,184,0,0,0 expanded=1,18352,0,0,0,0 sols=0 secs=82.1
ROOT idx=447 basis=4195009,8896,167791763 nodes=1,18396,3279048,0,0,0 pdim=0,0,0,0,0,0 psize=0,0,3278728,0,0,0 pcov=0,0,320,0,0,0 expanded=1,18396,0,0,0,0 sols=0 secs=83.9
ROOT idx=449 basis=4195009,8896,167804953 nodes=1,17664,2993592,0,0,0 pdim=0,0,0,0,0,0 psize=0,0,2993392,0,0,0 pcov=0,0,200,0,0,0 expanded=1,17664,0,0,0,0 sols=0 secs=78.1
ROOT idx=451 basis=4195009,8896,167805441 nodes=1,20000,3552928,0,0,0 pdim=0,0,0,0,0,0 psize=0,0,3552192,0,0,0 pcov=0,0,736,0,0,0 expanded=1,20000,0,0,0,0 sols=0 secs=92.2
ROOT idx=453 basis=4195009,8896,167805449 nodes=1,18512,3510416,0,0,0 pdim=0,0,0,0,0,0 psize=0,0,3510148,0,0,0 pcov=0,0,268,0,0,0 expanded=1,18512,0,0,0,0 sols=0 secs=87.9
ROOT idx=455 basis=4195009,8896,167805464 nodes=1,18624,3323204,0,0,0 pdim=0,0,0,0,0,0 psize=0,0,3322848,0,0,0 pcov=0,0,356,0,0,0 expanded=1,18624,0,0,0,0 sols=0 secs=86.2
ROOT idx=457 basis=4195009,8896,167805577 nodes=1,19340,3711836,0,0,0 pdim=0,0,0,0,0,0 psize=0,0,3711538,0,0,0 pcov=0,0,298,0,0,0 expanded=1,19340,0,0,0,0 sols=0 secs=92.8
ROOT idx=459 basis=4195009,8896,167806993 nodes=1,18320,3209476,0,0,0 pdim=0,0,0,0,0,0 psize=0,0,3209156,0,0,0 pcov=0,0,320,0,0,0 expanded=1,18320,0,0,0,0 sols=0 secs=83.3
ROOT idx=461 basis=4195009,8896,167807129 nodes=1,18360,3242688,0,0,0 pdim=0,0,0,0,0,0 psize=0,0,3242424,0,0,0 pcov=0,0,264,0,0,0 expanded=1,18360,0,0,0,0 sols=0 secs=84.1
ROOT idx=463 basis=4195009,8896,167807489 nodes=1,18284,3144524,0,0,0 pdim=0,0,0,0,0,0 psize=0,0,3144304,0,0,0 pcov=0,0,220,0,0,0 expanded=1,18284,0,0,0,0 sols=0 secs=82.3
ROOT idx=465 basis=4195009,8896,167807617 nodes=1,18284,3144524,0,0,0 pdim=0,0,0,0,0,0 psize=0,0,3144304,0,0,0 pcov=0,0,220,0,0,0 expanded=1,18284,0,0,0,0 sols=0 secs=84.5
ROOT idx=467 basis=4195009,8896,167807634 nodes=1,18472,3271088,0,0,0 pdim=0,0,0,0,0,0 psize=0,0,3270808,0,0,0 pcov=0,0,280,0,0,0 expanded=1,18472,0,0,0,0 sols=0 secs=86.4
ROOT idx=469 basis=4195009,8896,167821457 nodes=1,17480,2939808,0,0,0 pdim=0,0,0,0,0,0 psize=0,0,2939584,0,0,0 pcov=0,0,224,0,0,0 expanded=1,17480,0,0,0,0 sols=0 secs=79.1
ROOT idx=471 basis=4195009,8896,167823888 nodes=1,18392,3266868,0,0,0 pdim=0,0,0,0,0,0 psize=0,0,3266564,0,0,0 pcov=0,0,304,0,0,0 expanded=1,18392,0,0,0,0 sols=0 secs=87.1
ROOT idx=473 basis=4196417,131601,10304 nodes=1,20000,3552928,0,0,0 pdim=0,0,0,0,0,0 psize=0,0,3552192,0,0,0 pcov=0,0,736,0,0,0 expanded=1,20000,0,0,0,0 sols=0 secs=94.3
ROOT idx=475 basis=4196433,131601,10320 nodes=1,20000,3552928,0,0,0 pdim=0,0,0,0,0,0 psize=0,0,3552176,0,0,0 pcov=0,0,752,0,0,0 expanded=1,20000,0,0,0,0 sols=0 secs=91.5
ROOT idx=477 basis=4202497,131601,8388800 nodes=1,17536,2657728,0,0,0 pdim=0,0,0,0,0,0 psize=0,0,2657440,0,0,0 pcov=0,0,288,0,0,0 expanded=1,17536,0,0,0,0 sols=0 secs=68.0
ROOT idx=479 basis=4202497,131601,8388817 nodes=1,17024,2609856,0,0,0 pdim=0,0,0,0,0,0 psize=0,0,2609536,0,0,0 pcov=0,0,320,0,0,0 expanded=1,17024,0,0,0,0 sols=0 secs=67.8
ROOT idx=481 basis=4202497,131601,8388848 nodes=1,17024,2609856,0,0,0 pdim=0,0,0,0,0,0 psize=0,0,2609536,0,0,0 pcov=0,0,320,0,0,0 expanded=1,17024,0,0,0,0 sols=0 secs=69.3
ROOT idx=483 basis=4202497,131601,134217865 nodes=1,18192,3266064,0,0,0 pdim=0,0,0,0,0,0 psize=0,0,3265572,0,0,0 pcov=0,0,492,0,0,0 expanded=1,18192,0,0,0,0 sols=0 secs=83.0
ROOT idx=485 basis=4202497,131601,134225939 nodes=1,18208,3199864,0,0,0 pdim=0,0,0,0,0,0 psize=0,0,3199488,0,0,0 pcov=0,0,376,0,0,0 expanded=1,18208,0,0,0,0 sols=0 secs=79.6
