ROOT idx=0 basis=4194965,8852,1085440 nodes=1,16896,2045280,0,0,0 pdim=0,0,0,0,0,0 psize=0,0,2045120,0,0,0 pcov=0,0,160,0,0,0 expanded=1,16896,0,0,0,0 sols=0 secs=133.1
ROOT idx=2 basis=4194965,8852,1087488 nodes=1,16896,2045280,0,0,0 pdim=0,0,0,0,0,0 psize=0,0,2045120,0,0,0 pcov=0,0,160,0,0,0 expanded=1,16896,0,0,0,0 sols=0 secs=126.9
ROOT idx=4 basis=4194965,8852,1179669 nodes=1,16752,2598632,0,0,0 pdim=0,0,0,0,0,0 psize=0,0,2598448,0,0,0 pcov=0,0,184,0,0,0 expanded=1,16752,0,0,0,0 sols=0 secs=138.0
ROOT idx=6 basis=4194965,8852,1246229 nodes=1,16752,2598632,0,0,0 pdim=0,0,0,0,0,0 psize=0,0,2598440,0,0,0 pcov=0,0,192,0,0,0 expanded=1,16752,0,0,0,0 sols=0 secs=138.5
ROOT idx=8 basis=4194965,8852,2131969 nodes=1,16896,2045280,0,0,0 pdim=0,0,0,0,0,0 psize=0,0,2045120,0,0,0 pcov=0,0,160,0,0,0 expanded=1,16896,0,0,0,0 sols=0 secs=124.4
ROOT idx=10 basis=4194965,8852,8458261 nodes=1,16752,2598632,0,0,0 pdim=0,0,0,0,0,0 psize=0,0,2598440,0,0,0 pcov=0,0,192,0,0,0 expanded=1,16752,0,0,0,0 sols=0 secs=137.5
ROOT idx=12 basis=4194965,8852,8460309 nodes=1,16752,2598632,0,0,0 pdim=0,0,0,0,0,0 psize=0,0,2598448,0,0,0 pcov=0,0,184,0,0,0 expanded=1,16752,0,0,0,0 sols=0 secs=140.4
ROOT idx=14 basis=4194965,8852,8525844 nodes=1,16752,2598632,0,0,0 pdim=0,0,0,0,0,0 psize=0,0,2598440,0,0,0 pcov=0,0,192,0,0,0 expanded=1,16752,0,0,0,0 sols=0 secs=135.5
ROOT idx=16 basis=4194965,8852,8586496 nodes=1,14528,2030048,0,0,0 pdim=0,0,0,0,0,0 psize=0,0,2030000,0,0,0 pcov=0,0,48,0,0,0 expanded=1,14528,0,0,0,0 sols=0 secs=108.4
ROOT idx=18 basis=4194965,8852,8589333 nodes=1,16752,2598632,0,0,0 pdim=0,0,0,0,0,0 psize=0,0,2598440,0,0,0 pcov=0,0,192,0,0,0 expanded=1,16752,0,0,0,0 sols=0 secs=133.7
ROOT idx=20 basis=4194965,8852,9569281 nodes=1,16752,2598632,0,0,0 pdim=0,0,0,0,0,0 psize=0,0,2598448,0,0,0 pcov=0,0,184,0,0,0 expanded=1,16752,0,0,0,0 sols=0 secs=137.7
ROOT idx=22 basis=4194965,8852,9575681 nodes=1,16752,2598632,0,0,0 pdim=0,0,0,0,0,0 psize=0,0,2598440,0,0,0 pcov=0,0,192,0,0,0 expanded=1,16752,0,0,0,0 sols=0 secs=134.2
ROOT idx=24 basis=4194965,8852,9634817 nodes=1,16752,2598632,0,0,0 pdim=0,0,0,0,0,0 psize=0,0,2598440,0,0,0 pcov=0,0,192,0,0,0 expanded=1,16752,0,0,0,0 sols=0 secs=141.9
ROOT idx=26 basis=4194965,8852,9639169 nodes=1,16752,2598632,0,0,0 pdim=0,0,0,0,0,0 psize=0,0,2598440,0,0,0 pcov=0,0,192,0,0,0 expanded=1,16752,0,0,0,0 sols=0 secs=140.4
ROOT idx=28 basis=4194965,8852,10486804 nodes=1,16752,2598632,0,0,0 pdim=0,0,0,0,0,0 psize=0,0,2598448,0,0,0 pcov=0,0,184,0,0,0 expanded=1,16752,0,0,0,0 sols=0 secs=145.1
ROOT idx=30 basis=4194965,8852,10552321 nodes=1,16752,2598632,0,0,0 pdim=0,0,0,0,0,0 psize=0,0,2598440,0,0,0 pcov=0,0,192,0,0,0 expanded=1,16752,0,0,0,0 sols=0 secs=141.8
ROOT idx=32 basis=4194965,8852,10556437 nodes=1,16752,2598632,0,0,0 pdim=0,0,0,0,0,0 psize=0,0,2598440,0,0,0 pcov=0,0,192,0,0,0 expanded=1,16752,0,0,0,0 sols=0 secs=133.0
ROOT idx=34 basis=4194965,8852,16848916 nodes=1,16752,2598632,0,0,0 pdim=0,0,0,0,0,0 psize=0,0,2598440,0,0,0 pcov=0,0,192,0,0,0 expanded=1,16752,0,0,0,0 sols=0 secs=141.7
ROOT idx=36 basis=4194965,8852,16910356 nodes=1,16752,2598632,0,0,0 pdim=0,0,0,0,0,0 psize=0,0,2598440,0,0,0 pcov=0,0,192,0,0,0 expanded=1,16752,0,0,0,0 sols=0 secs=142.5
ROOT idx=38 basis=4194965,8852,17825812 nodes=1,16752,2598632,0,0,0 pdim=0,0,0,0,0,0 psize=0,0,2598448,0,0,0 pcov=0,0,184,0,0,0 expanded=1,16752,0,0,0,0 sols=0 secs=147.5
ROOT idx=40 basis=4194965,8852,17958933 nodes=1,16752,2598632,0,0,0 pdim=0,0,0,0,0,0 psize=0,0,2598440,0,0,0 pcov=0,0,192,0,0,0 expanded=1,16752,0,0,0,0 sols=0 secs=133.7
ROOT idx=42 basis=4194965,8852,18023553 nodes=1,16752,2598632,0,0,0 pdim=0,0,0,0,0,0 psize=0,0,2598440,0,0,0 pcov=0,0,192,0,0,0 expanded=1,16752,0,0,0,0 sols=0 secs=146.8
ROOT idx=44 basis=4194965,8852,18025473 nodes=1,16752,2598632,0,0,0 pdim=0,0,0,0,0,0 psize=0,0,2598448,0,0,0 pcov=0,0,184,0,0,0 expanded=1,16752,0,0,0,0 sols=0 secs=141.7
ROOT idx=46 basis=4194965,8852,33751060 nodes=1,16752,2598632,0,0,0 pdim=0,0,0,0,0,0 psize=0,0,2598448,0,0,0 pcov=0,0,184,0,0,0 expanded=1,16752,0,0,0,0 sols=0 secs=143.0
ROOT idx=48 basis=4194965,8852,33820672 nodes=1,16896,2045280,0,0,0 pdim=0,0,0,0,0,0 psize=0,0,2045120,0,0,0 pcov=0,0,160,0,0,0 expanded=1,16896,0,0,0,0 sols=0 secs=132.5
ROOT idx=50 basis=4194965,8852,33822720 nodes=1,16896,2045280,0,0,0 pdim=0,0,0,0,0,0 psize=0,0,2045120,0,0,0 pcov=0,0,160,0,0,0 expanded=1,16896,0,0,0,0 sols=0 secs=132.4
ROOT idx=52 basis=4194965,8852,34623488 nodes=1,14528,2030048,0,0,0 pdim=0,0,0,0,0,0 psize=0,0,2030000,0,0,0 pcov=0,0,48,0,0,0 expanded=1,14528,0,0,0,0 sols=0 secs=119.7
ROOT idx=54 basis=4194965,8852,34734081 nodes=1,16752,2598632,0,0,0 pdim=0,0,0,0,0,0 psize=0,0,2598440,0,0,0 pcov=0,0,192,0,0,0 expanded=1,16752,0,0,0,0 sols=0 secs=145.3
ROOT idx=56 basis=4194965,8852,34799617 nodes=1,16752,2598632,0,0,0 pdim=0,0,0,0,0,0 psize=0,0,2598440,0,0,0 pcov=0,0,192,0,0,0 expanded=1,16752,0,0,0,0 sols=0 secs=144.0
ROOT idx=58 basis=4194965,8852,34799873 nodes=1,16752,2598632,0,0,0 pdim=0,0,0,0,0,0 psize=0,0,2598448,0,0,0 pcov=0,0,184,0,0,0 expanded=1,16752,0,0,0,0 sols=0 secs=144.7
ROOT idx=60 basis=4194965,8852,35651712 nodes=1,16896,2045280,0,0,0 pdim=0,0,0,0,0,0 psize=0,0,2045120,0,0,0 pcov=0,0,160,0,0,0 expanded=1,16896,0,0,0,0 sols=0 secs=138.3
ROOT idx=62 basis=4194965,8852,35653633 nodes=1,16896,2045280,0,0,0 pdim=0,0,0,0,0,0 psize=0,0,2045120,0,0,0 pcov=0,0,160,0,0,0 expanded=1,16896,0,0,0,0 sols=0 secs=138.5
ROOT idx=64 basis=4194965,8852,35655681 nodes=1,16896,2045280,0,0,0 pdim=0,0,0,0,0,0 psize=0,0,2045120,0,0,0 pcov=0,0,160,0,0,0 expanded=1,16896,0,0,0,0 sols=0 secs=132.9
ROOT idx=66 basis=4194965,8852,35657729 nodes=1,16896,2045280,0,0,0 pdim=0,0,0,0,0,0 psize=0,0,2045120,0,0,0 pcov=0,0,160,0,0,0 expanded=1,16896,0,0,0,0 sols=0 secs=123.1
ROOT idx=68 basis=4194965,8852,36700288 nodes=1,16896,2045280,0,0,0 pdim=0,0,0,0,0,0 psize=0,0,2045120,0,0,0 pcov=0,0,160,0,0,0 expanded=1,16896,0,0,0,0 sols=0 secs=128.6
ROOT idx=70 basis=4194965,8852,36702209 nodes=1,16896,2045280,0,0,0 pdim=0,0,0,0,0,0 psize=0,0,2045120,0,0,0 pcov=0,0,160,0,0,0 expanded=1,16896,0,0,0,0 sols=0 secs=130.0
ROOT idx=72 basis=4194965,8852,36704257 nodes=1,16896,2045280,0,0,0 pdim=0,0,0,0,0,0 psize=0,0,2045120,0,0,0 pcov=0,0,160,0,0,0 expanded=1,16896,0,0,0,0 sols=0 secs=121.3
ROOT idx=74 basis=4194965,8852,36706305 nodes=1,16896,2045280,0,0,0 pdim=0,0,0,0,0,0 psize=0,0,2045120,0,0,0 pcov=0,0,160,0,0,0 expanded=1,16896,0,0,0,0 sols=0 secs=129.0
ROOT idx=76 basis=4194965,8852,50333716 nodes=1,16752,2598632,0,0,0 pdim=0,0,0,0,0,0 psize=0,0,2598448,0,0,0 pcov=0,0,184,0,0,0 expanded=1,16752,0,0,0,0 sols=0 secs=135.9
ROOT idx=78 basis=4194965,8852,51382292 nodes=1,16752,2598632,0,0,0 pdim=0,0,0,0,0,0 psize=0,0,2598440,0,0,0 pcov=0,0,192,0,0,0 expanded=1,16752,0,0,0,0 sols=0 secs=142.2
ROOT idx=80 basis=4194965,8852,58722580 nodes=1,16752,2598632,0,0,0 pdim=0,0,0,0,0,0 psize=0,0,2598440,0,0,0 pcov=0,0,192,0,0,0 expanded=1,16752,0,0,0,0 sols=0 secs=131.2
ROOT idx=82 basis=4194965,8852,59770900 nodes=1,16752,2598632,0,0,0 pdim=0,0,0,0,0,0 psize=0,0,2598440,0,0,0 pcov=0,0,192,0,0,0 expanded=1,16752,0,0,0,0 sols=0 secs=140.1
ROOT idx=84 basis=4194965,8852,59771156 nodes=1,16752,2598632,0,0,0 pdim=0,0,0,0,0,0 psize=0,0,2598448,0,0,0 pcov=0,0,184,0,0,0 expanded=1,16752,0,0,0,0 sols=0 secs=139.4
ROOT idx=86 basis=4194965,8852,67373057 nodes=1,16896,2045280,0,0,0 pdim=0,0,0,0,0,0 psize=0,0,2045120,0,0,0 pcov=0,0,160,0,0,0 expanded=1,16896,0,0,0,0 sols=0 secs=124.9
ROOT idx=88 basis=4194965,8852,68157588 nodes=1,16896,2045280,0,0,0 pdim=0,0,0,0,0,0 psize=0,0,2045120,0,0,0 pcov=0,0,160,0,0,0 expanded=1,16896,0,0,0,0 sols=0 secs=127.9
ROOT idx=90 basis=4194965,8852,68159508 nodes=1,16896,2045280,0,0,0 pdim=0,0,0,0,0,0 psize=0,0,2045120,0,0,0 pcov=0,0,160,0,0,0 expanded=1,16896,0,0,0,0 sols=0 secs=126.9
ROOT idx=92 basis=4194965,8852,68161556 nodes=1,16896,2045280,0,0,0 pdim=0,0,0,0,0,0 psize=0,0,2045120,0,0,0 pcov=0,0,160,0,0,0 expanded=1,16896,0,0,0,0 sols=0 secs=130.5
ROOT idx=94 basis=4194965,8852,68163605 nodes=1,16896,2045280,0,0,0 pdim=0,0,0,0,0,0 psize=0,0,2045120,0,0,0 pcov=0,0,160,0,0,0 expanded=1,16896,0,0,0,0 sols=0 secs=129.2
ROOT idx=96 basis=4194965,8852,134217876 nodes=1,17664,2444838,0,0,0 pdim=0,0,0,0,0,0 psize=0,0,2444748,0,0,0 pcov=0,0,90,0,0,0 expanded=1,17664,0,0,0,0 sols=0 secs=148.0
ROOT idx=98 basis=4194965,8852,134218645 nodes=1,17724,2679732,0,0,0 pdim=0,0,0,0,0,0 psize=0,0,2679630,0,0,0 pcov=0,0,102,0,0,0 expanded=1,17724,0,0,0,0 sols=0 secs=155.8
ROOT idx=100 basis=4194965,8852,134234133 nodes=1,17724,2679732,0,0,0 pdim=0,0,0,0,0,0 psize=0,0,2679630,0,0,0 pcov=0,0,102,0,0,0 expanded=1,17724,0,0,0,0 sols=0 secs=159.3
ROOT idx=102 basis=4194965,8852,134234369 nodes=1,17664,2444838,0,0,0 pdim=0,0,0,0,0,0 psize=0,0,2444748,0,0,0 pcov=0,0,90,0,0,0 expanded=1,17664,0,0,0,0 sols=0 secs=153.0
ROOT idx=104 basis=4194965,8852,134235137 nodes=1,17724,2679732,0,0,0 pdim=0,0,0,0,0,0 psize=0,0,2679630,0,0,0 pcov=0,0,102,0,0,0 expanded=1,17724,0,0,0,0 sols=0 secs=158.6
ROOT idx=106 basis=4194965,8852,134236033 nodes=1,17664,2444838,0,0,0 pdim=0,0,0,0,0,0 psize=0,0,2444748,0,0,0 pcov=0,0,90,0,0,0 expanded=1,17664,0,0,0,0 sols=0 secs=148.9
ROOT idx=108 basis=4194965,8852,134250644 nodes=1,17664,2444838,0,0,0 pdim=0,0,0,0,0,0 psize=0,0,2444748,0,0,0 pcov=0,0,90,0,0,0 expanded=1,17664,0,0,0,0 sols=0 secs=146.7
ROOT idx=110 basis=4194965,8852,134251137 nodes=1,17664,2444838,0,0,0 pdim=0,0,0,0,0,0 psize=0,0,2444748,0,0,0 pcov=0,0,90,0,0,0 expanded=1,17664,0,0,0,0 sols=0 secs=141.7
ROOT idx=112 basis=4194965,8852,134479893 nodes=1,17664,2444838,0,0,0 pdim=0,0,0,0,0,0 psize=0,0,2444748,0,0,0 pcov=0,0,90,0,0,0 expanded=1,17664,0,0,0,0 sols=0 secs=143.2
ROOT idx=114 basis=4194965,8852,134480769 nodes=1,17724,2679732,0,0,0 pdim=0,0,0,0,0,0 psize=0,0,2679630,0,0,0 pcov=0,0,102,0,0,0 expanded=1,17724,0,0,0,0 sols=0 secs=148.1
ROOT idx=116 basis=4194965,8852,134742657 nodes=1,17724,2679732,0,0,0 pdim=0,0,0,0,0,0 psize=0,0,2679630,0,0,0 pcov=0,0,102,0,0,0 expanded=1,17724,0,0,0,0 sols=0 secs=142.6
ROOT idx=118 basis=4195009,8896,18448 nodes=1,17192,2603528,0,0,0 pdim=0,0,0,0,0,0 psize=0,0,2603472,0,0,0 pcov=0,0,56,0,0,0 expanded=1,17192,0,0,0,0 sols=0 secs=137.7
ROOT idx=120 basis=4195009,8896,34824 nodes=1,17192,2603528,0,0,0 pdim=0,0,0,0,0,0 psize=0,0,2603472,0,0,0 pcov=0,0,56,0,0,0 expanded=1,17192,0,0,0,0 sols=0 secs=147.6
ROOT idx=122 basis=4195009,8896,34840 nodes=1,17736,2639704,0,0,0 pdim=0,0,0,0,0,0 psize=0,0,2639656,0,0,0 pcov=0,0,48,0,0,0 expanded=1,17736,0,0,0,0 sols=0 secs=155.3
ROOT idx=124 basis=4195009,8896,66569 nodes=1,14592,1787008,0,0,0 pdim=0,0,0,0,0,0 psize=0,0,1787008,0,0,0 pcov=0,0,0,0,0,0 expanded=1,14592,0,0,0,0 sols=0 secs=113.3
ROOT idx=126 basis=4195009,8896,69648 nodes=1,17932,2730664,0,0,0 pdim=0,0,0,0,0,0 psize=0,0,2730512,0,0,0 pcov=0,0,152,0,0,0 expanded=1,17932,0,0,0,0 sols=0 secs=189.5
ROOT idx=128 basis=4195009,8896,69712 nodes=1,18080,2708604,0,0,0 pdim=0,0,0,0,0,0 psize=0,0,2708508,0,0,0 pcov=0,0,96,0,0,0 expanded=1,18080,0,0,0,0 sols=0 secs=201.6
ROOT idx=130 basis=4195009,8896,70672 nodes=1,17240,2456716,0,0,0 pdim=0,0,0,0,0,0 psize=0,0,2456684,0,0,0 pcov=0,0,32,0,0,0 expanded=1,17240,0,0,0,0 sols=0 secs=180.4
ROOT idx=132 basis=4195009,8896,71696 nodes=1,18820,3255192,0,0,0 pdim=0,0,0,0,0,0 psize=0,0,3254942,0,0,0 pcov=0,0,250,0,0,0 expanded=1,18820,0,0,0,0 sols=0 secs=221.4
ROOT idx=134 basis=4195009,8896,71792 nodes=1,18680,3667360,0,0,0 pdim=0,0,0,0,0,0 psize=0,0,3666992,0,0,0 pcov=0,0,368,0,0,0 expanded=1,18680,0,0,0,0 sols=0 secs=246.2
ROOT idx=136 basis=4195009,8896,72720 nodes=1,18688,3124120,0,0,0 pdim=0,0,0,0,0,0 psize=0,0,3123884,0,0,0 pcov=0,0,236,0,0,0 expanded=1,18688,0,0,0,0 sols=0 secs=217.5
ROOT idx=138 basis=4195009,8896,132128 nodes=1,17776,2906200,0,0,0 pdim=0,0,0,0,0,0 psize=0,0,2905944,0,0,0 pcov=0,0,256,0,0,0 expanded=1,17776,0,0,0,0 sols=0 secs=189.1
ROOT idx=140 basis=4195009,8896,8392770 nodes=1,14592,1787008,0,0,0 pdim=0,0,0,0,0,0 psize=0,0,1787008,0,0,0 pcov=0,0,0,0,0,0 expanded=1,14592,0,0,0,0 sols=0 secs=134.2
ROOT idx=142 basis=4195009,8896,8393824 nodes=1,19008,3227064,0,0,0 pdim=0,0,0,0,0,0 psize=0,0,3226912,0,0,0 pcov=0,0,152,0,0,0 expanded=1,19008,0,0,0,0 sols=0 secs=212.9
ROOT idx=144 basis=4195009,8896,8394850 nodes=1,17264,2541904,0,0,0 pdim=0,0,0,0,0,0 psize=0,0,2541832,0,0,0 pcov=0,0,72,0,0,0 expanded=1,17264,0,0,0,0 sols=0 secs=151.7
ROOT idx=146 basis=4195009,8896,8421395 nodes=1,16416,1799936,0,0,0 pdim=0,0,0,0,0,0 psize=0,0,1799936,0,0,0 pcov=0,0,0,0,0,0 expanded=1,16416,0,0,0,0 sols=0 secs=68.2
ROOT idx=148 basis=4195009,8896,8421457 nodes=1,15648,1626048,0,0,0 pdim=0,0,0,0,0,0 psize=0,0,1626048,0,0,0 pcov=0,0,0,0,0,0 expanded=1,15648,0,0,0,0 sols=0 secs=57.7
ROOT idx=150 basis=4195009,8896,8421489 nodes=1,16032,2070848,0,0,0 pdim=0,0,0,0,0,0 psize=0,0,2070816,0,0,0 pcov=0,0,32,0,0,0 expanded=1,16032,0,0,0,0 sols=0 secs=63.9
ROOT idx=152 basis=4195009,8896,8425536 nodes=1,17792,2893160,0,0,0 pdim=0,0,0,0,0,0 psize=0,0,2892928,0,0,0 pcov=0,0,232,0,0,0 expanded=1,17792,0,0,0,0 sols=0 secs=86.6
ROOT idx=154 basis=4195009,8896,8426592 nodes=1,18632,3384288,0,0,0 pdim=0,0,0,0,0,0 psize=0,0,3384112,0,0,0 pcov=0,0,176,0,0,0 expanded=1,18632,0,0,0,0 sols=0 secs=96.5
ROOT idx=156 basis=4195009,8896,8427522 nodes=1,18820,3255192,0,0,0 pdim=0,0,0,0,0,0 psize=0,0,3254944,0,0,0 pcov=0,0,248,0,0,0 expanded=1,18820,0,0,0,0 sols=0 secs=97.1
ROOT idx=158 basis=4195009,8896,8454289 nodes=1,15648,1626048,0,0,0 pdim=0,0,0,0,0,0 psize=0,0,1626048,0,0,0 pcov=0,0,0,0,0,0 expanded=1,15648,0,0,0,0 sols=0 secs=55.7
ROOT idx=160 basis=4195009,8896,8454353 nodes=1,16032,2070848,0,0,0 pdim=0,0,0,0,0,0 psize=0,0,2070816,0,0,0 pcov=0,0,32,0,0,0 expanded=1,16032,0,0,0,0 sols=0 secs=58.4
ROOT idx=162 basis=4195009,8896,8454385 nodes=1,16032,2070848,0,0,0 pdim=0,0,0,0,0,0 psize=0,0,2070816,0,0,0 pcov=0,0,32,0,0,0 expanded=1,16032,0,0,0,0 sols=0 secs=60.1
ROOT idx=164 basis=4195009,8896,8459312 nodes=1,18944,3427520,0,0,0 pdim=0,0,0,0,0,0 psize=0,0,3427228,0,0,0 pcov=0,0,292,0,0,0 expanded=1,18944,0,0,0,0 sols=0 secs=95.0
ROOT idx=166 basis=4195009,8896,8460418 nodes=1,17736,2639704,0,0,0 pdim=0,0,0,0,0,0 psize=0,0,2639648,0,0,0 pcov=0,0,56,0,0,0 expanded=1,17736,0,0,0,0 sols=0 secs=77.1
ROOT idx=168 basis=4195009,8896,8461362 nodes=1,18688,3124120,0,0,0 pdim=0,0,0,0,0,0 psize=0,0,3123888,0,0,0 pcov=0,0,232,0,0,0 expanded=1,18688,0,0,0,0 sols=0 secs=93.6
ROOT idx=170 basis=4195009,8896,8519697 nodes=1,17152,2142656,0,0,0 pdim=0,0,0,0,0,0 psize=0,0,2142176,0,0,0 pcov=0,0,480,0,0,0 expanded=1,17152,0,0,0,0 sols=0 secs=75.1
ROOT idx=172 basis=4195009,8896,8519728 nodes=1,16032,2070848,0,0,0 pdim=0,0,0,0,0,0 psize=0,0,2070816,0,0,0 pcov=0,0,32,0,0,0 expanded=1,16032,0,0,0,0 sols=0 secs=59.0
ROOT idx=174 basis=4195009,8896,8519761 nodes=1,16896,2307200,0,0,0 pdim=0,0,0,0,0,0 psize=0,0,2307040,0,0,0 pcov=0,0,160,0,0,0 expanded=1,16896,0,0,0,0 sols=0 secs=67.5
ROOT idx=176 basis=4195009,8896,8552465 nodes=1,17152,2142656,0,0,0 pdim=0,0,0,0,0,0 psize=0,0,2142176,0,0,0 pcov=0,0,480,0,0,0 expanded=1,17152,0,0,0,0 sols=0 secs=74.0
ROOT idx=178 basis=4195009,8896,8552529 nodes=1,16768,2278080,0,0,0 pdim=0,0,0,0,0,0 psize=0,0,2278016,0,0,0 pcov=0,0,64,0,0,0 expanded=1,16768,0,0,0,0 sols=0 secs=68.4
ROOT idx=180 basis=4195009,8896,8552561 nodes=1,17024,2609856,0,0,0 pdim=0,0,0,0,0,0 psize=0,0,2609536,0,0,0 pcov=0,0,320,0,0,0 expanded=1,17024,0,0,0,0 sols=0 secs=73.9
ROOT idx=182 basis=4195009,8896,8585249 nodes=1,16032,2070848,0,0,0 pdim=0,0,0,0,0,0 psize=0,0,2070816,0,0,0 pcov=0,0,32,0,0,0 expanded=1,16032,0,0,0,0 sols=0 secs=56.8
ROOT idx=184 basis=4195009,8896,8585296 nodes=1,16896,2307200,0,0,0 pdim=0,0,0,0,0,0 psize=0,0,2307040,0,0,0 pcov=0,0,160,0,0,0 expanded=1,16896,0,0,0,0 sols=0 secs=67.4
ROOT idx=186 basis=4195009,8896,8585329 nodes=1,17408,2542304,0,0,0 pdim=0,0,0,0,0,0 psize=0,0,2541888,0,0,0 pcov=0,0,416,0,0,0 expanded=1,17408,0,0,0,0 sols=0 secs=73.2
ROOT idx=188 basis=4195009,8896,8585392 nodes=1,18304,2598784,0,0,0 pdim=0,0,0,0,0,0 psize=0,0,2598560,0,0,0 pcov=0,0,224,0,0,0 expanded=1,18304,0,0,0,0 sols=0 secs=74.0
ROOT idx=190 basis=4195009,8896,8585425 nodes=1,17216,2542976,0,0,0 pdim=0,0,0,0,0,0 psize=0,0,2542816,0,0,0 pcov=0,0,160,0,0,0 expanded=1,17216,0,0,0,0 sols=0 secs=71.3
ROOT idx=192 basis=4195009,8896,8585457 nodes=1,17408,2542304,0,0,0 pdim=0,0,0,0,0,0 psize=0,0,2541888,0,0,0 pcov=0,0,416,0,0,0 expanded=1,17408,0,0,0,0 sols=0 secs=73.4
ROOT idx=194 basis=4195009,8896,16810144 nodes=1,16896,2307200,0,0,0 pdim=0,0,0,0,0,0 psize=0,0,2307040,0,0,0 pcov=0,0,160,0,0,0 expanded=1,16896,0,0,0,0 sols=0 secs=64.9
ROOT idx=196 basis=4195009,8896,16810656 nodes=1,16704,2163008,0,0,0 pdim=0,0,0,0,0,0 psize=0,0,2162880,0,0,0 pcov=0,0,128,0,0,0 expanded=1,16704,0,0,0,0 sols=0 secs=60.9
ROOT idx=198 basis=4195009,8896,16842785 nodes=1,16032,2070848,0,0,0 pdim=0,0,0,0,0,0 psize=0,0,2070816,0,0,0 pcov=0,0,32,0,0,0 expanded=1,16032,0,0,0,0 sols=0 secs=58.1
ROOT idx=200 basis=4195009,8896,16842832 nodes=1,18576,1945120,0,0,0 pdim=0,0,0,0,0,0 psize=0,0,1944992,0,0,0 pcov=0,0,128,0,0,0 expanded=1,18576,0,0,0,0 sols=0 secs=64.9
ROOT idx=202 basis=4195009,8896,16842864 nodes=1,17408,2542304,0,0,0 pdim=0,0,0,0,0,0 psize=0,0,2541888,0,0,0 pcov=0,0,416,0,0,0 expanded=1,17408,0,0,0,0 sols=0 secs=73.1
ROOT idx=204 basis=4195009,8896,16843280 nodes=1,18576,1945120,0,0,0 pdim=0,0,0,0,0,0 psize=0,0,1944992,0,0,0 pcov=0,0,128,0,0,0 expanded=1,18576,0,0,0,0 sols=0 secs=65.1
ROOT idx=206 basis=4195009,8896,16843313 nodes=1,17472,2226080,0,0,0 pdim=0,0,0,0,0,0 psize=0,0,2225696,0,0,0 pcov=0,0,384,0,0,0 expanded=1,17472,0,0,0,0 sols=0 secs=73.2
ROOT idx=208 basis=4195009,8896,16843376 nodes=1,16896,2307200,0,0,0 pdim=0,0,0,0,0,0 psize=0,0,2307040,0,0,0 pcov=0,0,160,0,0,0 expanded=1,16896,0,0,0,0 sols=0 secs=67.9
ROOT idx=210 basis=4195009,8896,16843776 nodes=1,17932,2730664,0,0,0 pdim=0,0,0,0,0,0 psize=0,0,2730512,0,0,0 pcov=0,0,152,0,0,0 expanded=1,17932,0,0,0,0 sols=0 secs=76.3
ROOT idx=212 basis=4195009,8896,16908448 nodes=1,15648,1626048,0,0,0 pdim=0,0,0,0,0,0 psize=0,0,1626048,0,0,0 pcov=0,0,0,0,0,0 expanded=1,15648,0,0,0,0 sols=0 secs=51.9
ROOT idx=214 basis=4195009,8896,16925216 nodes=1,16416,1799936,0,0,0 pdim=0,0,0,0,0,0 psize=0,0,1799936,0,0,0 pcov=0,0,0,0,0,0 expanded=1,16416,0,0,0,0 sols=0 secs=58.7
ROOT idx=216 basis=4195009,8896,16941600 nodes=1,17152,2142656,0,0,0 pdim=0,0,0,0,0,0 psize=0,0,2142176,0,0,0 pcov=0,0,480,0,0,0 expanded=1,17152,0,0,0,0 sols=0 secs=71.2
ROOT idx=218 basis=4195009,8896,33554627 nodes=1,17264,2541904,0,0,0 pdim=0,0,0,0,0,0 psize=0,0,2541832,0,0,0 pcov=0,0,72,0,0,0 expanded=1,17264,0,0,0,0 sols=0 secs=68.6
ROOT idx=220 basis=4195009,8896,33554659 nodes=1,17688,2679512,0,0,0 pdim=0,0,0,0,0,0 psize=0,0,2679432,0,0,0 pcov=0,0,80,0,0,0 expanded=1,17688,0,0,0,0 sols=0 secs=70.6
ROOT idx=222 basis=4195009,8896,33557002 nodes=1,17688,2679512,0,0,0 pdim=0,0,0,0,0,0 psize=0,0,2679432,0,0,0 pcov=0,0,80,0,0,0 expanded=1,17688,0,0,0,0 sols=0 secs=68.0
ROOT idx=224 basis=4195009,8896,33557059 nodes=1,17192,2603528,0,0,0 pdim=0,0,0,0,0,0 psize=0,0,2603468,0,0,0 pcov=0,0,60,0,0,0 expanded=1,17192,0,0,0,0 sols=0 secs=64.5
ROOT idx=226 basis=4195009,8896,33557065 nodes=1,17736,2639704,0,0,0 pdim=0,0,0,0,0,0 psize=0,0,2639648,0,0,0 pcov=0,0,56,0,0,0 expanded=1,17736,0,0,0,0 sols=0 secs=66.5
ROOT idx=228 basis=4195009,8896,33558594 nodes=1,18548,3197032,0,0,0 pdim=0,0,0,0,0,0 psize=0,0,3196784,0,0,0 pcov=0,0,248,0,0,0 expanded=1,18548,0,0,0,0 sols=0 secs=86.5
ROOT idx=230 basis=4195009,8896,33558698 nodes=1,18192,3266064,0,0,0 pdim=0,0,0,0,0,0 psize=0,0,3265564,0,0,0 pcov=0,0,500,0,0,0 expanded=1,18192,0,0,0,0 sols=0 secs=90.6
ROOT idx=232 basis=4195009,8896,33560674 nodes=1,18576,3118096,0,0,0 pdim=0,0,0,0,0,0 psize=0,0,3117908,0,0,0 pcov=0,0,188,0,0,0 expanded=1,18576,0,0,0,0 sols=0 secs=81.1
ROOT idx=234 basis=4195009,8896,33570883 nodes=1,17264,2541904,0,0,0 pdim=0,0,0,0,0,0 psize=0,0,2541832,0,0,0 pcov=0,0,72,0,0,0 expanded=1,17264,0,0,0,0 sols=0 secs=64.9
ROOT idx=236 basis=4195009,8896,33574976 nodes=1,18672,3597700,0,0,0 pdim=0,0,0,0,0,0 psize=0,0,3597352,0,0,0 pcov=0,0,348,0,0,0 expanded=1,18672,0,0,0,0 sols=0 secs=91.6
ROOT idx=238 basis=4195009,8896,33575080 nodes=1,18344,3299232,0,0,0 pdim=0,0,0,0,0,0 psize=0,0,3298984,0,0,0 pcov=0,0,248,0,0,0 expanded=1,18344,0,0,0,0 sols=0 secs=86.8
ROOT idx=240 basis=4195009,8896,33575104 nodes=1,18508,3614416,0,0,0 pdim=0,0,0,0,0,0 psize=0,0,3614050,0,0,0 pcov=0,0,366,0,0,0 expanded=1,18508,0,0,0,0 sols=0 secs=90.4
ROOT idx=242 basis=4195009,8896,33577002 nodes=1,18472,3544552,0,0,0 pdim=0,0,0,0,0,0 psize=0,0,3544200,0,0,0 pcov=0,0,352,0,0,0 expanded=1,18472,0,0,0,0 sols=0 secs=86.0
ROOT idx=244 basis=4195009,8896,33577058 nodes=1,18572,3571008,0,0,0 pdim=0,0,0,0,0,0 psize=0,0,3570756,0,0,0 pcov=0,0,252,0,0,0 expanded=1,18572,0,0,0,0 sols=0 secs=83.8
ROOT idx=246 basis=4195009,8896,33624106 nodes=1,18508,3318044,0,0,0 pdim=0,0,0,0,0,0 psize=0,0,3317768,0,0,0 pcov=0,0,276,0,0,0 expanded=1,18508,0,0,0,0 sols=0 secs=87.4
ROOT idx=248 basis=4195009,8896,33624232 nodes=1,18360,3198188,0,0,0 pdim=0,0,0,0,0,0 psize=0,0,3197958,0,0,0 pcov=0,0,230,0,0,0 expanded=1,18360,0,0,0,0 sols=0 secs=86.3
ROOT idx=250 basis=4195009,8896,33624256 nodes=1,18828,3601680,0,0,0 pdim=0,0,0,0,0,0 psize=0,0,3601362,0,0,0 pcov=0,0,318,0,0,0 expanded=1,18828,0,0,0,0 sols=0 secs=91.5
ROOT idx=252 basis=4195009,8896,33626154 nodes=1,19024,3580096,0,0,0 pdim=0,0,0,0,0,0 psize=0,0,3579816,0,0,0 pcov=0,0,280,0,0,0 expanded=1,19024,0,0,0,0 sols=0 secs=92.3
ROOT idx=254 basis=4195009,8896,33626280 nodes=1,18900,3561704,0,0,0 pdim=0,0,0,0,0,0 psize=0,0,3561428,0,0,0 pcov=0,0,276,0,0,0 expanded=1,18900,0,0,0,0 sols=0 secs=92.3
ROOT idx=256 basis=4195009,8896,33626336 nodes=1,18648,3540124,0,0,0 pdim=0,0,0,0,0,0 psize=0,0,3539890,0,0,0 pcov=0,0,234,0,0,0 expanded=1,18648,0,0,0,0 sols=0 secs=93.1
ROOT idx=258 basis=4195009,8896,33685576 nodes=1,18636,3589940,0,0,0 pdim=0,0,0,0,0,0 psize=0,0,3589666,0,0,0 pcov=0,0,274,0,0,0 expanded=1,18636,0,0,0,0 sols=0 secs=91.3
ROOT idx=260 basis=4195009,8896,33685696 nodes=1,18820,3255192,0,0,0 pdim=0,0,0,0,0,0 psize=0,0,3254948,0,0,0 pcov=0,0,244,0,0,0 expanded=1,18820,0,0,0,0 sols=0 secs=88.6
ROOT idx=262 basis=4195009,8896,33685705 nodes=1,18712,3218492,0,0,0 pdim=0,0,0,0,0,0 psize=0,0,3218308,0,0,0 pcov=0,0,184,0,0,0 expanded=1,18712,0,0,0,0 sols=0 secs=83.9
ROOT idx=264 basis=4195009,8896,33688072 nodes=1,18564,3195020,0,0,0 pdim=0,0,0,0,0,0 psize=0,0,3194716,0,0,0 pcov=0,0,304,0,0,0 expanded=1,18564,0,0,0,0 sols=0 secs=81.0
ROOT idx=266 basis=4195009,8896,33688129 nodes=1,18884,3208668,0,0,0 pdim=0,0,0,0,0,0 psize=0,0,3208448,0,0,0 pcov=0,0,220,0,0,0 expanded=1,18884,0,0,0,0 sols=0 secs=80.2
ROOT idx=268 basis=4195009,8896,33688137 nodes=1,18932,3222912,0,0,0 pdim=0,0,0,0,0,0 psize=0,0,3222706,0,0,0 pcov=0,0,206,0,0,0 expanded=1,18932,0,0,0,0 sols=0 secs=80.6
ROOT idx=270 basis=4195009,8896,50331651 nodes=1,18364,3258824,0,0,0 pdim=0,0,0,0,0,0 psize=0,0,3258528,0,0,0 pcov=0,0,296,0,0,0 expanded=1,18364,0,0,0,0 sols=0 secs=85.7
ROOT idx=272 basis=4195009,8896,50331779 nodes=1,18412,3234320,0,0,0 pdim=0,0,0,0,0,0 psize=0,0,3234060,0,0,0 pcov=0,0,260,0,0,0 expanded=1,18412,0,0,0,0 sols=0 secs=84.7
ROOT idx=274 basis=4195009,8896,50333699 nodes=1,18612,3574872,0,0,0 pdim=0,0,0,0,0,0 psize=0,0,3574536,0,0,0 pcov=0,0,336,0,0,0 expanded=1,18612,0,0,0,0 sols=0 secs=92.0
ROOT idx=276 basis=4195009,8896,50462721 nodes=1,18208,3199864,0,0,0 pdim=0,0,0,0,0,0 psize=0,0,3199488,0,0,0 pcov=0,0,376,0,0,0 expanded=1,18208,0,0,0,0 sols=0 secs=83.7
ROOT idx=278 basis=4195009,8896,50462753 nodes=1,18472,3271088,0,0,0 pdim=0,0,0,0,0,0 psize=0,0,3270800,0,0,0 pcov=0,0,288,0,0,0 expanded=1,18472,0,0,0,0 sols=0 secs=84.6
ROOT idx=280 basis=4195009,8896,50462849 nodes=1,18284,3144524,0,0,0 pdim=0,0,0,0,0,0 psize=0,0,3144304,0,0,0 pcov=0,0,220,0,0,0 expanded=1,18284,0,0,0,0 sols=0 secs=84.1
ROOT idx=282 basis=4195009,8896,50464771 nodes=1,18472,3544552,0,0,0 pdim=0,0,0,0,0,0 psize=0,0,3544200,0,0,0 pcov=0,0,352,0,0,0 expanded=1,18472,0,0,0,0 sols=0 secs=91.2
ROOT idx=284 basis=4195009,8896,50479233 nodes=1,18360,3256600,0,0,0 pdim=0,0,0,0,0,0 psize=0,0,3256364,0,0,0 pcov=0,0,236,0,0,0 expanded=1,18360,0,0,0,0 sols=0 secs=86.1
ROOT idx=286 basis=4195009,8896,67111016 nodes=1,18712,3218492,0,0,0 pdim=0,0,0,0,0,0 psize=0,0,3218304,0,0,0 pcov=0,0,188,0,0,0 expanded=1,18712,0,0,0,0 sols=0 secs=83.5
ROOT idx=288 basis=4195009,8896,67113632 nodes=1,17592,2915504,0,0,0 pdim=0,0,0,0,0,0 psize=0,0,2915352,0,0,0 pcov=0,0,152,0,0,0 expanded=1,17592,0,0,0,0 sols=0 secs=71.2
ROOT idx=290 basis=4195009,8896,67114656 nodes=1,16944,2789272,0,0,0 pdim=0,0,0,0,0,0 psize=0,0,2789120,0,0,0 pcov=0,0,152,0,0,0 expanded=1,16944,0,0,0,0 sols=0 secs=68.5
ROOT idx=292 basis=4195009,8896,67127298 nodes=1,18584,3486820,0,0,0 pdim=0,0,0,0,0,0 psize=0,0,3486508,0,0,0 pcov=0,0,312,0,0,0 expanded=1,18584,0,0,0,0 sols=0 secs=91.7
ROOT idx=294 basis=4195009,8896,67127402 nodes=1,18544,3592664,0,0,0 pdim=0,0,0,0,0,0 psize=0,0,3592274,0,0,0 pcov=0,0,390,0,0,0 expanded=1,18544,0,0,0,0 sols=0 secs=88.3
ROOT idx=296 basis=4195009,8896,67174409 nodes=1,17240,2456716,0,0,0 pdim=0,0,0,0,0,0 psize=0,0,2456676,0,0,0 pcov=0,0,40,0,0,0 expanded=1,17240,0,0,0,0 sols=0 secs=65.7
ROOT idx=298 basis=4195009,8896,67175433 nodes=1,17932,2730664,0,0,0 pdim=0,0,0,0,0,0 psize=0,0,2730516,0,0,0 pcov=0,0,148,0,0,0 expanded=1,17932,0,0,0,0 sols=0 secs=68.8
ROOT idx=300 basis=4195009,8896,67176552 nodes=1,18712,3218492,0,0,0 pdim=0,0,0,0,0,0 psize=0,0,3218312,0,0,0 pcov=0,0,180,0,0,0 expanded=1,18712,0,0,0,0 sols=0 secs=83.3
ROOT idx=302 basis=4195009,8896,67176960 nodes=1,18648,3139132,0,0,0 pdim=0,0,0,0,0,0 psize=0,0,3138872,0,0,0 pcov=0,0,260,0,0,0 expanded=1,18648,0,0,0,0 sols=0 secs=88.7
ROOT idx=304 basis=4195009,8896,67177057 nodes=1,18544,3592664,0,0,0 pdim=0,0,0,0,0,0 psize=0,0,3592278,0,0,0 pcov=0,0,386,0,0,0 expanded=1,18544,0,0,0,0 sols=0 secs=93.1
ROOT idx=306 basis=4195009,8896,67179016 nodes=1,17932,2730664,0,0,0 pdim=0,0,0,0,0,0 psize=0,0,2730512,0,0,0 pcov=0,0,152,0,0,0 expanded=1,17932,0,0,0,0 sols=0 secs=76.4
ROOT idx=308 basis=4195009,8896,67179041 nodes=1,18568,3569304,0,0,0 pdim=0,0,0,0,0,0 psize=0,0,3568926,0,0,0 pcov=0,0,378,0,0,0 expanded=1,18568,0,0,0,0 sols=0 secs=96.1
ROOT idx=310 basis=4195009,8896,67179105 nodes=1,18512,3510416,0,0,0 pdim=0,0,0,0,0,0 psize=0,0,3510160,0,0,0 pcov=0,0,256,0,0,0 expanded=1,18512,0,0,0,0 sols=0 secs=87.8
ROOT idx=312 basis=4195009,8896,67179584 nodes=1,17240,2456716,0,0,0 pdim=0,0,0,0,0,0 psize=0,0,2456684,0,0,0 pcov=0,0,32,0,0,0 expanded=1,17240,0,0,0,0 sols=0 secs=69.9
ROOT idx=314 basis=4195009,8896,67180032 nodes=1,17240,2456716,0,0,0 pdim=0,0,0,0,0,0 psize=0,0,2456684,0,0,0 pcov=0,0,32,0,0,0 expanded=1,17240,0,0,0,0 sols=0 secs=65.1
ROOT idx=316 basis=4195009,8896,67180064 nodes=1,17776,3161248,0,0,0 pdim=0,0,0,0,0,0 psize=0,0,3161006,0,0,0 pcov=0,0,242,0,0,0 expanded=1,17776,0,0,0,0 sols=0 secs=81.9
ROOT idx=318 basis=4195009,8896,75497505 nodes=1,18864,3575968,0,0,0 pdim=0,0,0,0,0,0 psize=0,0,3575660,0,0,0 pcov=0,0,308,0,0,0 expanded=1,18864,0,0,0,0 sols=0 secs=90.4
ROOT idx=320 basis=4195009,8896,75498499 nodes=1,17592,2915504,0,0,0 pdim=0,0,0,0,0,0 psize=0,0,2915352,0,0,0 pcov=0,0,152,0,0,0 expanded=1,17592,0,0,0,0 sols=0 secs=77.6
ROOT idx=322 basis=4195009,8896,75502626 nodes=1,17776,2906200,0,0,0 pdim=0,0,0,0,0,0 psize=0,0,2905936,0,0,0 pcov=0,0,264,0,0,0 expanded=1,17776,0,0,0,0 sols=0 secs=76.2
ROOT idx=324 basis=4195009,8896,75563041 nodes=1,18592,3503728,0,0,0 pdim=0,0,0,0,0,0 psize=0,0,3503528,0,0,0 pcov=0,0,200,0,0,0 expanded=1,18592,0,0,0,0 sols=0 secs=85.4
ROOT idx=326 basis=4195009,8896,75563169 nodes=1,18592,3503728,0,0,0 pdim=0,0,0,0,0,0 psize=0,0,3503528,0,0,0 pcov=0,0,200,0,0,0 expanded=1,18592,0,0,0,0 sols=0 secs=83.4
ROOT idx=328 basis=4195009,8896,75564033 nodes=1,19340,3711836,0,0,0 pdim=0,0,0,0,0,0 psize=0,0,3711528,0,0,0 pcov=0,0,308,0,0,0 expanded=1,19340,0,0,0,0 sols=0 secs=92.2
ROOT idx=330 basis=4195009,8896,75564161 nodes=1,18568,3569304,0,0,0 pdim=0,0,0,0,0,0 psize=0,0,3568926,0,0,0 pcov=0,0,378,0,0,0 expanded=1,18568,0,0,0,0 sols=0 secs=83.4
ROOT idx=332 basis=4195009,8896,75568129 nodes=1,17776,3161248,0,0,0 pdim=0,0,0,0,0,0 psize=0,0,3161008,0,0,0 pcov=0,0,240,0,0,0 expanded=1,17776,0,0,0,0 sols=0 secs=80.1
ROOT idx=334 basis=4195009,8896,134217867 nodes=1,17264,2541904,0,0,0 pdim=0,0,0,0,0,0 psize=0,0,2541832,0,0,0 pcov=0,0,72,0,0,0 expanded=1,17264,0,0,0,0 sols=0 secs=65.3
ROOT idx=336 basis=4195009,8896,134218256 nodes=1,18320,3209476,0,0,0 pdim=0,0,0,0,0,0 psize=0,0,3209160,0,0,0 pcov=0,0,316,0,0,0 expanded=1,18320,0,0,0,0 sols=0 secs=85.7
ROOT idx=338 basis=4195009,8896,134218384 nodes=1,18312,3165016,0,0,0 pdim=0,0,0,0,0,0 psize=0,0,3164760,0,0,0 pcov=0,0,256,0,0,0 expanded=1,18312,0,0,0,0 sols=0 secs=83.4
ROOT idx=340 basis=4195009,8896,134218755 nodes=1,18508,3614416,0,0,0 pdim=0,0,0,0,0,0 psize=0,0,3614060,0,0,0 pcov=0,0,356,0,0,0 expanded=1,18508,0,0,0,0 sols=0 secs=91.9
ROOT idx=342 basis=4195009,8896,134218778 nodes=1,18508,3318044,0,0,0 pdim=0,0,0,0,0,0 psize=0,0,3317764,0,0,0 pcov=0,0,280,0,0,0 expanded=1,18508,0,0,0,0 sols=0 secs=86.1
ROOT idx=344 basis=4195009,8896,134218904 nodes=1,18360,3198188,0,0,0 pdim=0,0,0,0,0,0 psize=0,0,3197952,0,0,0 pcov=0,0,236,0,0,0 expanded=1,18360,0,0,0,0 sols=0 secs=85.8
ROOT idx=346 basis=4195009,8896,134220299 nodes=1,17264,2541904,0,0,0 pdim=0,0,0,0,0,0 psize=0,0,2541832,0,0,0 pcov=0,0,72,0,0,0 expanded=1,17264,0,0,0,0 sols=0 secs=66.2
ROOT idx=348 basis=4195009,8896,134220306 nodes=1,18612,3574872,0,0,0 pdim=0,0,0,0,0,0 psize=0,0,3574540,0,0,0 pcov=0,0,332,0,0,0 expanded=1,18612,0,0,0,0 sols=0 secs=92.0
ROOT idx=350 basis=4195009,8896,134220434 nodes=1,18792,3145184,0,0,0 pdim=0,0,0,0,0,0 psize=0,0,3144968,0,0,0 pcov=0,0,216,0,0,0 expanded=1,18792,0,0,0,0 sols=0 secs=82.6
ROOT idx=352 basis=4195009,8896,134220824 nodes=1,18564,3195020,0,0,0 pdim=0,0,0,0,0,0 psize=0,0,3194720,0,0,0 pcov=0,0,300,0,0,0 expanded=1,18564,0,0,0,0 sols=0 secs=83.8
ROOT idx=354 basis=4195009,8896,134220931 nodes=1,18612,3574872,0,0,0 pdim=0,0,0,0,0,0 psize=0,0,3574536,0,0,0 pcov=0,0,336,0,0,0 expanded=1,18612,0,0,0,0 sols=0 secs=91.2
ROOT idx=356 basis=4195009,8896,134234113 nodes=1,17264,2541904,0,0,0 pdim=0,0,0,0,0,0 psize=0,0,2541832,0,0,0 pcov=0,0,72,0,0,0 expanded=1,17264,0,0,0,0 sols=0 secs=66.8
ROOT idx=358 basis=4195009,8896,134234625 nodes=1,17192,2603528,0,0,0 pdim=0,0,0,0,0,0 psize=0,0,2603472,0,0,0 pcov=0,0,56,0,0,0 expanded=1,17192,0,0,0,0 sols=0 secs=66.8
ROOT idx=360 basis=4195009,8896,134235265 nodes=1,18548,3197032,0,0,0 pdim=0,0,0,0,0,0 psize=0,0,3196784,0,0,0 pcov=0,0,248,0,0,0 expanded=1,18548,0,0,0,0 sols=0 secs=85.5
ROOT idx=362 basis=4195009,8896,134235288 nodes=1,18396,3279048,0,0,0 pdim=0,0,0,0,0,0 psize=0,0,3278736,0,0,0 pcov=0,0,312,0,0,0 expanded=1,18396,0,0,0,0 sols=0 secs=82.9
ROOT idx=364 basis=4195009,8896,134236169 nodes=1,17688,2679512,0,0,0 pdim=0,0,0,0,0,0 psize=0,0,2679432,0,0,0 pcov=0,0,80,0,0,0 expanded=1,17688,0,0,0,0 sols=0 secs=68.3
ROOT idx=366 basis=4195009,8896,134237185 nodes=1,18792,3145184,0,0,0 pdim=0,0,0,0,0,0 psize=0,0,3144968,0,0,0 pcov=0,0,216,0,0,0 expanded=1,18792,0,0,0,0 sols=0 secs=85.4
ROOT idx=368 basis=4195009,8896,134237208 nodes=1,19024,3580096,0,0,0 pdim=0,0,0,0,0,0 psize=0,0,3579812,0,0,0 pcov=0,0,284,0,0,0 expanded=1,19024,0,0,0,0 sols=0 secs=94.4
ROOT idx=370 basis=4195009,8896,134237315 nodes=1,18572,3571008,0,0,0 pdim=0,0,0,0,0,0 psize=0,0,3570750,0,0,0 pcov=0,0,258,0,0,0 expanded=1,18572,0,0,0,0 sols=0 secs=88.5
ROOT idx=372 basis=4195009,8896,134237338 nodes=1,18932,3222912,0,0,0 pdim=0,0,0,0,0,0 psize=0,0,3222700,0,0,0 pcov=0,0,212,0,0,0 expanded=1,18932,0,0,0,0 sols=0 secs=85.9
ROOT idx=374 basis=4195009,8896,134250625 nodes=1,18688,3124120,0,0,0 pdim=0,0,0,0,0,0 psize=0,0,3123880,0,0,0 pcov=0,0,240,0,0,0 expanded=1,18688,0,0,0,0 sols=0 secs=84.6
ROOT idx=376 basis=4195009,8896,134251009 nodes=1,18820,3255192,0,0,0 pdim=0,0,0,0,0,0 psize=0,0,3254944,0,0,0 pcov=0,0,248,0,0,0 expanded=1,18820,0,0,0,0 sols=0 secs=89.9
ROOT idx=378 basis=4195009,8896,134251024 nodes=1,18208,3199864,0,0,0 pdim=0,0,0,0,0,0 psize=0,0,3199488,0,0,0 pcov=0,0,376,0,0,0 expanded=1,18208,0,0,0,0 sols=0 secs=87.1
ROOT idx=380 basis=4195009,8896,134251032 nodes=1,18552,3275604,0,0,0 pdim=0,0,0,0,0,0 psize=0,0,3275260,0,0,0 pcov=0,0,344,0,0,0 expanded=1,18552,0,0,0,0 sols=0 secs=89.3
ROOT idx=382 basis=4195009,8896,134251139 nodes=1,18636,3589940,0,0,0 pdim=0,0,0,0,0,0 psize=0,0,3589676,0,0,0 pcov=0,0,264,0,0,0 expanded=1,18636,0,0,0,0 sols=0 secs=94.1
ROOT idx=384 basis=4195009,8896,134251154 nodes=1,18360,3256600,0,0,0 pdim=0,0,0,0,0,0 psize=0,0,3256360,0,0,0 pcov=0,0,240,0,0,0 expanded=1,18360,0,0,0,0 sols=0 secs=88.7
ROOT idx=386 basis=4195009,8896,134251546 nodes=1,18344,3299232,0,0,0 pdim=0,0,0,0,0,0 psize=0,0,3298980,0,0,0 pcov=0,0,252,0,0,0 expanded=1,18344,0,0,0,0 sols=0 secs=87.6
ROOT idx=388 basis=4195009,8896,134251672 nodes=1,18340,3181036,0,0,0 pdim=0,0,0,0,0,0 psize=0,0,3180840,0,0,0 pcov=0,0,196,0,0,0 expanded=1,18340,0,0,0,0 sols=0 secs=87.5
ROOT idx=390 basis=4195009,8896,134252033 nodes=1,18680,3667360,0,0,0 pdim=0,0,0,0,0,0 psize=0,0,3666996,0,0,0 pcov=0,0,364,0,0,0 expanded=1,18680,0,0,0,0 sols=0 secs=93.0
ROOT idx=392 basis=4195009,8896,134252050 nodes=1,18352,3284904,0,0,0 pdim=0,0,0,0,0,0 psize=0,0,3284722,0,0,0 pcov=0,0,182,0,0,0 expanded=1,18352,0,0,0,0 sols=0 secs=87.0
ROOT idx=394 basis=4195009,8896,134252553 nodes=1,18564,3195020,0,0,0 pdim=0,0,0,0,0,0 psize=0,0,3194724,0,0,0 pcov=0,0,296,0,0,0 expanded=1,18564,0,0,0,0 sols=0 secs=85.8
ROOT idx=396 basis=4195009,8896,134252681 nodes=1,18932,3222912,0,0,0 pdim=0,0,0,0,0,0 psize=0,0,3222710,0,0,0 pcov=0,0,202,0,0,0 expanded=1,18932,0,0,0,0 sols=0 secs=88.0
ROOT idx=398 basis=4195009,8896,134253072 nodes=1,18884,3208668,0,0,0 pdim=0,0,0,0,0,0 psize=0,0,3208448,0,0,0 pcov=0,0,220,0,0,0 expanded=1,18884,0,0,0,0 sols=0 secs=91.4
ROOT idx=400 basis=4195009,8896,134253193 nodes=1,18580,3590332,0,0,0 pdim=0,0,0,0,0,0 psize=0,0,3590068,0,0,0 pcov=0,0,264,0,0,0 expanded=1,18580,0,0,0,0 sols=0 secs=93.9
ROOT idx=402 basis=4195009,8896,167772307 nodes=1,16944,2789272,0,0,0 pdim=0,0,0,0,0,0 psize=0,0,2789120,0,0,0 pcov=0,0,152,0,0,0 expanded=1,16944,0,0,0,0 sols=0 secs=75.8
ROOT idx=404 basis=4195009,8896,167772675 nodes=1,18576,3516872,0,0,0 pdim=0,0,0,0,0,0 psize=0,0,3516512,0,0,0 pcov=0,0,360,0,0,0 expanded=1,18576,0,0,0,0 sols=0 secs=92.4
ROOT idx=406 basis=4195009,8896,167772696 nodes=1,18624,3301028,0,0,0 pdim=0,0,0,0,0,0 psize=0,0,3300696,0,0,0 pcov=0,0,332,0,0,0 expanded=1,18624,0,0,0,0 sols=0 secs=89.9
ROOT idx=408 basis=4195009,8896,167772824 nodes=1,18624,3301028,0,0,0 pdim=0,0,0,0,0,0 psize=0,0,3300708,0,0,0 pcov=0,0,320,0,0,0 expanded=1,18624,0,0,0,0 sols=0 secs=87.3
ROOT idx=410 basis=4195009,8896,167773194 nodes=1,19440,3371032,0,0,0 pdim=0,0,0,0,0,0 psize=0,0,3370656,0,0,0 pcov=0,0,376,0,0,0 expanded=1,19440,0,0,0,0 sols=0 secs=92.8
ROOT idx=412 basis=4195009,8896,167773320 nodes=1,19392,3315392,0,0,0 pdim=0,0,0,0,0,0 psize=0,0,3314984,0,0,0 pcov=0,0,408,0,0,0 expanded=1,19392,0,0,0,0 sols=0 secs=90.6
ROOT idx=414 basis=4195009,8896,167773699 nodes=1,18944,3427520,0,0,0 pdim=0,0,0,0,0,0 psize=0,0,3427224,0,0,0 pcov=0,0,296,0,0,0 expanded=1,18944,0,0,0,0 sols=0 secs=93.7
ROOT idx=416 basis=4195009,8896,167773714 nodes=1,18624,3323204,0,0,0 pdim=0,0,0,0,0,0 psize=0,0,3322860,0,0,0 pcov=0,0,344,0,0,0 expanded=1,18624,0,0,0,0 sols=0 secs=91.0
ROOT idx=418 basis=4195009,8896,167773840 nodes=1,18624,3301028,0,0,0 pdim=0,0,0,0,0,0 psize=0,0,3300698,0,0,0 pcov=0,0,330,0,0,0 expanded=1,18624,0,0,0,0 sols=0 secs=92.6
ROOT idx=420 basis=4195009,8896,167774355 nodes=1,18360,3198188,0,0,0 pdim=0,0,0,0,0,0 psize=0,0,3197948,0,0,0 pcov=0,0,240,0,0,0 expanded=1,18360,0,0,0,0 sols=0 secs=86.2
ROOT idx=422 basis=4195009,8896,167774731 nodes=1,18552,3275604,0,0,0 pdim=0,0,0,0,0,0 psize=0,0,3275260,0,0,0 pcov=0,0,344,0,0,0 expanded=1,18552,0,0,0,0 sols=0 secs=89.2
ROOT idx=424 basis=4195009,8896,167774738 nodes=1,18360,3198188,0,0,0 pdim=0,0,0,0,0,0 psize=0,0,3197960,0,0,0 pcov=0,0,228,0,0,0 expanded=1,18360,0,0,0,0 sols=0 secs=87.2
ROOT idx=426 basis=4195009,8896,167774866 nodes=1,18384,3242644,0,0,0 pdim=0,0,0,0,0,0 psize=0,0,3242408,0,0,0 pcov=0,0,236,0,0,0 expanded=1,18384,0,0,0,0 sols=0 secs=87.8
ROOT idx=428 basis=4195009,8896,167775242 nodes=1,18508,3318044,0,0,0 pdim=0,0,0,0,0,0 psize=0,0,3317768,0,0,0 pcov=0,0,276,0,0,0 expanded=1,18508,0,0,0,0 sols=0 secs=85.7
ROOT idx=430 basis=4195009,8896,167775370 nodes=1,18364,3258824,0,0,0 pdim=0,0,0,0,0,0 psize=0,0,3258528,0,0,0 pcov=0,0,296,0,0,0 expanded=1,18364,0,0,0,0 sols=0 secs=85.8
ROOT idx=432 basis=4195009,8896,167775747 nodes=1,18508,3318044,0,0,0 pdim=0,0,0,0,0,0 psize=0,0,3317760,0,0,0 pcov=0,0,284,0,0,0 expanded=1,18508,0,0,0,0 sols=0 secs=87.4
ROOT idx=434 basis=4195009,8896,167775762 nodes=1,18360,3256600,0,0,0 pdim=0,0,0,0,0,0 psize=0,0,3256366,0,0,0 pcov=0,0,234,0,0,0 expanded=1,18360,0,0,0,0 sols=0 secs=84.7
ROOT idx=436 basis=4195009,8896,167788569 nodes=1,17592,2915504,0,0,0 pdim=0,0,0,0,0,0 psize=0,0,2915352,0,0,0 pcov=0,0,152,0,0,0 expanded=1,17592,0,0,0,0 sols=0 secs=76.4
ROOT idx=438 basis=4195009,8896,167789706 nodes=1,19352,3832292,0,0,0 pdim=0,0,0,0,0,0 psize=0,0,3832118,0,0,0 pcov=0,0,174,0,0,0 expanded=1,19352,0,0,0,0 sols=0 secs=89.9
ROOT idx=440 basis=4195009,8896,167790209 nodes=1,18864,3575968,0,0,0 pdim=0,0,0,0,0,0 psize=0,0,3575656,0,0,0 pcov=0,0,312,0,0,0 expanded=1,18864,0,0,0,0 sols=0 secs=87.4
ROOT idx=442 basis=4195009,8896,167790224 nodes=1,18624,3323204,0,0,0 pdim=0,0,0,0,0,0 psize=0,0,3322860,0,0,0 pcov=0,0,344,0,0,0 expanded=1,18624,0,0,0,0 sols=0 secs=84.6
ROOT idx=444 basis=4195009,8896,167791752 nodes=1,18364,3258824,0,0,0 pdim=0,0,0,0,0,0 psize=0,0,3258540,0,0,0 pcov=0,0,284,0,0,0 expanded=1,18364,0,0,0,0 sols=0 secs=85.1
ROOT idx=446 basis=4195009,8896,167791761 nodes=1,18360,3256600,0,0,0 pdim=0,0,0,0,0,0 psize=0,0,3256364,0,0,0 pcov=0,0,236,0,0,0 expanded=1,18360,0,0,0,0 sols=0 secs=83.5
ROOT idx=448 basis=4195009,8896,167804947 nodes=1,17480,2939808,0,0,0 pdim=0,0,0,0,0,0 psize=0,0,2939584,0,0,0 pcov=0,0,224,0,0,0 expanded=1,17480,0,0,0,0 sols=0 secs=77.0
ROOT idx=450 basis=4195009,8896,167805081 nodes=1,17664,2993592,0,0,0 pdim=0,0,0,0,0,0 psize=0,0,2993392,0,0,0 pcov=0,0,200,0,0,0 expanded=1,17664,0,0,0,0 sols=0 secs=78.2
ROOT idx=452 basis=4195009,8896,167805443 nodes=1,18632,3384288,0,0,0 pdim=0,0,0,0,0,0 psize=0,0,3384110,0,0,0 pcov=0,0,178,0,0,0 expanded=1,18632,0,0,0,0 sols=0 secs=89.1
ROOT idx=454 basis=4195009,8896,167805451 nodes=1,18568,3569304,0,0,0 pdim=0,0,0,0,0,0 psize=0,0,3568928,0,0,0 pcov=0,0,376,0,0,0 expanded=1,18568,0,0,0,0 sols=0 secs=93.0
ROOT idx=456 basis=4195009,8896,167805571 nodes=1,18592,3503728,0,0,0 pdim=0,0,0,0,0,0 psize=0,0,3503528,0,0,0 pcov=0,0,200,0,0,0 expanded=1,18592,0,0,0,0 sols=0 secs=92.0
ROOT idx=458 basis=4195009,8896,167805592 nodes=1,18624,3323204,0,0,0 pdim=0,0,0,0,0,0 psize=0,0,3322852,0,0,0 pcov=0,0,352,0,0,0 expanded=1,18624,0,0,0,0 sols=0 secs=91.8
ROOT idx=460 basis=4195009,8896,167806995 nodes=1,18392,3266868,0,0,0 pdim=0,0,0,0,0,0 psize=0,0,3266572,0,0,0 pcov=0,0,296,0,0,0 expanded=1,18392,0,0,0,0 sols=0 secs=89.6
ROOT idx=462 basis=4195009,8896,167807131 nodes=1,18472,3271088,0,0,0 pdim=0,0,0,0,0,0 psize=0,0,3270804,0,0,0 pcov=0,0,284,0,0,0 expanded=1,18472,0,0,0,0 sols=0 secs=88.6
ROOT idx=464 basis=4195009,8896,167807504 nodes=1,18320,3209476,0,0,0 pdim=0,0,0,0,0,0 psize=0,0,3209152,0,0,0 pcov=0,0,324,0,0,0 expanded=1,18320,0,0,0,0 sols=0 secs=83.7
ROOT idx=466 basis=4195009,8896,167807619 nodes=1,18340,3181036,0,0,0 pdim=0,0,0,0,0,0 psize=0,0,3180844,0,0,0 pcov=0,0,192,0,0,0 expanded=1,18340,0,0,0,0 sols=0 secs=83.7
ROOT idx=468 basis=4195009,8896,167807640 nodes=1,18360,3242688,0,0,0 pdim=0,0,0,0,0,0 psize=0,0,3242424,0,0,0 pcov=0,0,264,0,0,0 expanded=1,18360,0,0,0,0 sols=0 secs=86.1
ROOT idx=470 basis=4195009,8896,167823873 nodes=1,18340,3181036,0,0,0 pdim=0,0,0,0,0,0 psize=0,0,3180844,0,0,0 pcov=0,0,192,0,0,0 expanded=1,18340,0,0,0,0 sols=0 secs=80.8
ROOT idx=472 basis=4195489,131601,9376 nodes=1,14592,1787008,0,0,0 pdim=0,0,0,0,0,0 psize=0,0,1787008,0,0,0 pcov=0,0,0,0,0,0 expanded=1,14592,0,0,0,0 sols=0 secs=47.8
ROOT idx=474 basis=4196425,131601,10312 nodes=1,19296,3687480,0,0,0 pdim=0,0,0,0,0,0 psize=0,0,3686928,0,0,0 pcov=0,0,552,0,0,0 expanded=1,19296,0,0,0,0 sols=0 secs=93.6
ROOT idx=476 basis=4202497,131601,66624 nodes=1,15680,2229072,0,0,0 pdim=0,0,0,0,0,0 psize=0,0,2229040,0,0,0 pcov=0,0,32,0,0,0 expanded=1,15680,0,0,0,0 sols=0 secs=53.5
ROOT idx=478 basis=4202497,131601,8388801 nodes=1,17216,2542976,0,0,0 pdim=0,0,0,0,0,0 psize=0,0,2542816,0,0,0 pcov=0,0,160,0,0,0 expanded=1,17216,0,0,0,0 sols=0 secs=64.5
ROOT idx=480 basis=4202497,131601,8388833 nodes=1,17216,2542976,0,0,0 pdim=0,0,0,0,0,0 psize=0,0,2542816,0,0,0 pcov=0,0,160,0,0,0 expanded=1,17216,0,0,0,0 sols=0 secs=66.1
ROOT idx=482 basis=4202497,131601,8421488 nodes=1,16768,2718656,0,0,0 pdim=0,0,0,0,0,0 psize=0,0,2718272,0,0,0 pcov=0,0,384,0,0,0 expanded=1,16768,0,0,0,0 sols=0 secs=69.2
ROOT idx=484 basis=4202497,131601,134225938 nodes=1,18208,3199864,0,0,0 pdim=0,0,0,0,0,0 psize=0,0,3199488,0,0,0 pcov=0,0,376,0,0,0 expanded=1,18208,0,0,0,0 sols=0 secs=78.3
